0.000013
0.000014
0.000014
0.000009
0.000023
0.000016
0.000015
0.000015
0.000014
0.000014
0.000013
0.000014
0.000016
0.000015
0.000015
0.000014
0.000016
0.000013
0.000015
0.000022
0.000015
0.000016
0.000015
0.000016
0.000016
0.000016
0.000016
0.000013
0.000017
0.000017
0.000018
0.000018
0.000018
0.000018
0.000018
0.000098
0.000102
0.000019
0.000020
0.000018
0.000020
0.000020
0.000021
0.000023
0.000022
0.000023
0.000022
0.000025
0.000025
0.000028
0.000027
0.000040
0.000031
0.000027
0.000028
0.000031
0.000031
0.000033
0.000034
0.000042
0.000026
0.000038
0.000039
0.000042
0.000044
0.000042
0.000047
0.000058
0.000056
0.000054
0.000058
0.000058
0.000065
0.000070
0.000073
0.000096
0.000082
0.000092
0.000102
0.000108
0.000112
0.000131
0.000141
0.000285
0.000189
0.000203
0.000233
0.000269
0.000314
0.000375
0.000452
0.000593
0.000641
0.000948
0.001328
0.001975
0.003334
0.006858
0.023516
6399920640.018782
6400069632.018463
0.023031
0.006609
0.003140
0.001849
0.001204
0.000848
0.000719
0.000379
0.000393
0.000318
0.000258
0.000217
0.000181
0.000155
0.000220
0.000120
0.000107
0.000093
0.000088
0.000074
0.000067
0.000062
0.000074
0.000052
0.000045
0.000042
0.000038
0.000037
0.000034
0.000033
0.000047
0.000030
0.000024
0.000026
0.000022
0.000020
0.000020
0.000018
0.000022
0.000012
0.000016
0.000015
0.000014
0.000013
0.000013
0.000013
0.000024
0.000010
0.000010
0.000009
0.000009
0.000008
0.000010
0.000009
0.001874
0.005112
0.000008
0.000007
0.000007
0.000008
0.000006
0.000006
0.000073
0.000120
0.000006
0.000006
0.000005
0.000005
0.000004
0.000004
0.000005
0.000003
0.000005
0.000005
0.000004
0.000004
0.000004
0.000003
0.000008
0.000003
0.000003
0.000003
0.000003
0.000003
0.000003
0.000003
0.000004
0.000006
0.000003
0.000002
0.000003
0.000002
0.000002
0.000002
0.000005
0.000002
0.000002
0.000002
0.000002
0.000002
0.000002
0.000002
0.000002
0.000001
0.000002
0.000001
0.000002
0.000002
0.000002
0.000002
0.000003
0.000002
0.000001
0.000001
0.000002
0.000001
0.000002
0.000002
0.000010
0.000009
0.000001
0.000002
0.000001
0.000001
0.000001
0.000001
0.000003
0.000003
0.000001
0.000001
0.000001
0.000001
0.000001
0.000001
0.000001
0.000001
0.000001
0.000001
0.000001
0.000001
0.000001
0.000001
0.000002
0.000002
0.000001
0.000001
0.000001
0.000001
0.000001
0.000001
0.000002
0.000003
0.000001
0.000001
0.000001
0.000001
0.000001
0.000000
0.000002
0.000001
0.000000
0.000000
0.000000
0.000000
0.000001
0.000001
0.000001
0.000001
0.000001
0.000001
0.000001
0.000001
0.000001
0.000001
0.000002
0.000001
0.000000
0.000000
0.000001
0.000001
0.000001
0.000001
0.000005
0.000001
0.000000
0.000001
0.000001
0.000001
0.000000
0.000000
0.000010
0.000017
0.000001
0.000000
0.000000
0.000000
0.000001
0.000000
0.000000
0.000000
0.000000
0.000001
0.000000
0.000000
0.000000
0.000000
0.000001
0.000000
0.000001
0.000000
0.000000
0.000000
0.000000
0.000000
0.000001
0.000002
0.000001
0.000000
0.000001
0.000000
0.000000
0.000000
0.000001
0.000000
0.000000
0.000000
0.000000
0.000000
0.000000
0.000000
0.000001
0.000001
0.000000
0.000000
0.000000
0.000000
0.000000
0.000000
0.000001
0.000000
0.000000
0.000000
0.000000
0.000000
0.000000
0.000000
0.000007
0.000008
0.000000
0.000000
0.000000
0.000000
0.000000
0.000000
0.005191
0.002061
0.000000
0.000000
0.000000
0.000000
0.000000
0.000000
0.000000
0.000000
0.000000
0.000000
0.000000
0.000000
0.000000
0.000000
0.000000
0.000001
0.000001
0.000000
0.000000
0.000000
0.000000
0.000000
0.000000
0.000000
0.000000
0.000000
0.000000
0.000000
0.000000
0.000000
0.000001
0.000000
0.000000
0.000000
0.000001
0.000000
0.000000
0.000000
0.000001
0.000000
0.000000
0.000000
0.000000
0.000000
0.000000
0.000000
0.000000
0.000000
0.000000
0.000000
0.000000
0.000000
0.000000
0.000000
0.001629
0.028229
0.000000
0.000000
0.000000
0.000000
0.000000
0.000000
0.000006
0.000013
0.000000
0.000000
0.000000
0.000000
0.000000
0.000000
0.000000
0.000000
0.000000
0.000000
0.000000
0.000000
0.000000
0.000000
0.000000
0.000000
0.000000
0.000000
0.000000
0.000000
0.000000
0.000000
0.000000
0.000001
0.000000
0.000000
0.000000
0.000000
0.000000
0.000000
0.000003
0.000001
0.000000
0.000000
0.000000
0.000000
0.000000
0.000000
0.000001
0.000001
0.000000
0.000000
0.000000
0.000000
0.000000
0.000000
0.000001
0.000001
0.000000
0.000000
0.000000
0.000000
0.000000
0.000000
0.000004
0.000007
0.000000
0.000000
0.000000
0.000000
0.000000
0.000000
0.000005
0.000000
0.000000
0.000000
0.000000
0.000000
0.000000
0.000000
0.000000
0.000000
0.000000
0.000000
0.000000
0.000000
0.000000
0.000000
0.000001
0.000001
0.000000
0.000000
0.000000
0.000000
0.000000
0.000000
0.000002
0.000000
0.000000
0.000000
0.000000
0.000000
