64.000000
25.938519
25.938545
0.000000
0.000000
2.882347
2.882353
0.000000
0.000000
1.037854
1.037854
0.000000
0.000000
0.529676
0.529677
0.000000
0.000000
0.320550
0.320551
0.000000
0.000000
0.214691
0.214691
0.000000
0.000000
0.153806
0.153806
0.000000
0.000000
0.115607
0.115607
0.000000
0.000000
0.090078
0.090078
0.000000
0.000000
0.072177
0.072178
0.000000
0.000000
0.059143
0.059143
0.000000
0.000000
0.049359
0.049359
0.000000
0.000000
0.041828
0.041828
0.000000
0.000000
0.035908
0.035908
0.000000
0.000000
0.031170
0.031170
0.000000
0.000000
0.027319
0.027319
0.000000
0.000000
0.024147
0.024147
0.000000
0.000000
0.021503
0.021503
0.000000
0.000000
0.019276
0.019276
0.000000
0.000000
0.017383
0.017383
0.000000
0.000000
0.015760
0.015760
0.000000
0.000000
0.014358
0.014358
0.000000
0.000000
0.013140
0.013140
0.000000
0.000000
0.012073
0.012073
0.000000
0.000000
0.011135
0.011135
0.000000
0.000000
0.010304
0.010304
0.000000
0.000000
0.009566
0.009566
0.000000
0.000000
0.008908
0.008908
0.000000
0.000000
0.008317
0.008317
0.000000
0.000000
0.007786
0.007786
0.000000
0.000000
0.007306
0.007306
0.000000
0.000000
0.006871
0.006871
0.000000
0.000000
0.006475
0.006475
0.000000
0.000000
0.006115
0.006115
0.000000
0.000000
0.005786
0.005786
0.000000
0.000000
0.005484
0.005484
0.000000
0.000000
0.005206
0.005206
0.000000
0.000000
0.004951
0.004951
0.000000
0.000000
0.004715
0.004715
0.000000
0.000000
0.004497
0.004498
0.000000
0.000000
0.004296
0.004296
0.000000
0.000000
0.004108
0.004108
0.000000
0.000000
0.003934
0.003934
0.000000
0.000000
0.003772
0.003772
0.000000
0.000000
0.003621
0.003621
0.000000
0.000000
0.003479
0.003479
0.000000
0.000000
0.003347
0.003347
0.000000
0.000000
0.003223
0.003223
0.000000
0.000000
0.003107
0.003107
0.000000
0.000000
0.002998
0.002998
0.000000
0.000000
0.002895
0.002895
0.000000
0.000000
0.002798
0.002798
0.000000
0.000000
0.002707
0.002707
0.000000
0.000000
0.002621
0.002621
0.000000
0.000000
0.002540
0.002540
0.000000
0.000000
0.002463
0.002463
0.000000
0.000000
0.002391
0.002391
0.000000
0.000000
0.002322
0.002322
0.000000
0.000000
0.002257
0.002257
0.000000
0.000000
0.002195
0.002195
0.000000
0.000000
0.002136
0.002136
0.000000
0.000000
0.002081
0.002081
0.000000
0.000000
0.002028
0.002028
0.000000
0.000000
0.001977
0.001977
0.000000
0.000000
0.001929
0.001929
0.000000
0.000000
0.001884
0.001884
0.000000
0.000000
0.001840
0.001840
0.000000
0.000000
0.001799
0.001799
0.000000
0.000000
0.001759
0.001759
0.000000
0.000000
0.001721
0.001721
0.000000
0.000000
0.001685
0.001685
0.000000
0.000000
0.001651
0.001651
0.000000
0.000000
0.001618
0.001618
0.000000
0.000000
0.001587
0.001587
0.000000
0.000000
0.001556
0.001556
0.000000
0.000000
0.001528
0.001528
0.000000
0.000000
0.001500
0.001500
0.000000
0.000000
0.001474
0.001474
0.000000
0.000000
0.001448
0.001448
0.000000
0.000000
0.001424
0.001424
0.000000
0.000000
0.001401
0.001401
0.000000
0.000000
0.001379
0.001379
0.000000
0.000000
0.001358
0.001358
0.000000
0.000000
0.001337
0.001337
0.000000
0.000000
0.001318
0.001318
0.000000
0.000000
0.001299
0.001299
0.000000
0.000000
0.001281
0.001281
0.000000
0.000000
0.001264
0.001264
0.000000
0.000000
0.001247
0.001247
0.000000
0.000000
0.001232
0.001232
0.000000
0.000000
0.001217
0.001217
0.000000
0.000000
0.001202
0.001202
0.000000
0.000000
0.001188
0.001188
0.000000
0.000000
0.001175
0.001175
0.000000
0.000000
0.001162
0.001162
0.000000
0.000000
0.001150
0.001150
0.000000
0.000000
0.001138
0.001138
0.000000
0.000000
0.001127
0.001127
0.000000
0.000000
0.001117
0.001117
0.000000
0.000000
0.001106
0.001106
0.000000
0.000000
0.001097
0.001097
0.000000
0.000000
0.001088
0.001088
0.000000
0.000000
0.001079
0.001079
0.000000
0.000000
0.001070
0.001070
0.000000
0.000000
0.001063
0.001063
0.000000
0.000000
0.001055
0.001055
0.000000
0.000000
0.001048
0.001048
0.000000
0.000000
0.001041
0.001041
0.000000
0.000000
0.001035
0.001035
0.000000
0.000000
0.001029
0.001029
0.000000
0.000000
0.001023
0.001023
0.000000
0.000000
0.001018
0.001018
0.000000
0.000000
0.001013
0.001013
0.000000
0.000000
0.001008
0.001008
0.000000
0.000000
0.001004
0.001004
0.000000
0.000000
0.001000
0.001000
0.000000
0.000000
0.000996
0.000996
0.000000
0.000000
0.000993
0.000993
0.000000
0.000000
0.000990
0.000990
0.000000
0.000000
0.000987
0.000987
0.000000
0.000000
0.000985
0.000985
0.000000
0.000000
0.000983
0.000983
0.000000
0.000000
0.000981
0.000981
0.000000
0.000000
0.000980
0.000980
0.000000
0.000000
0.000978
0.000978
0.000000
0.000000
0.000977
0.000977
0.000000
0.000000
0.000977
0.000977
0.000000
0.000000
0.000977
0.000977
0.000000
0.000000
