0.000006
0.000006
0.000006
0.000006
0.000006
0.000005
0.000005
0.000054
0.000009
0.000007
0.000006
0.000006
0.000006
0.000005
0.000006
0.000006
0.000006
0.000006
0.000006
0.000006
0.000006
0.000006
0.000006
0.000007
0.000007
0.000005
0.000006
0.000006
0.000006
0.000007
0.000006
0.000007
0.000006
0.000006
0.000006
0.000007
0.000007
0.000006
0.000006
0.000010
0.000009
0.000006
0.000006
0.000006
0.000007
0.000008
0.000007
0.000007
0.000006
0.000007
0.000006
0.000007
0.000008
0.000007
0.000008
0.008650
0.000542
0.000008
0.000007
0.000007
0.000007
0.000008
0.000008
0.000009
0.000009
0.000008
0.000008
0.000008
0.000009
0.000008
0.000009
0.000021
0.000010
0.000009
0.000009
0.000009
0.000009
0.000009
0.000010
0.000011
0.000011
0.000010
0.000010
0.000010
0.000010
0.000010
0.000010
0.000014
0.000017
0.000011
0.000012
0.000013
0.000012
0.000012
0.000013
0.000012
0.000013
0.000013
0.000014
0.000013
0.000013
0.000015
0.000015
0.000021
0.000015
0.000016
0.000016
0.000016
0.000017
0.000018
0.000018
0.000018
0.000019
0.000018
0.000019
0.000019
0.000020
0.000021
0.000022
0.000025
0.000053
0.000023
0.000023
0.000022
0.000023
0.000026
0.000025
0.000027
0.000026
0.000027
0.000027
0.000030
0.000030
0.000030
0.000031
0.000384
0.000052
0.000034
0.000036
0.000036
0.000037
0.000039
0.000041
0.000042
0.000045
0.000045
0.000046
0.000049
0.000051
0.000052
0.000053
0.000067
0.000081
0.000064
0.000066
0.000070
0.000072
0.000075
0.000081
0.000087
0.000100
0.000092
0.000098
0.000108
0.000115
0.000119
0.000127
0.000133
0.000168
0.000151
0.000162
0.000173
0.000185
0.000204
0.000220
0.000231
0.000256
0.000281
0.000310
0.000340
0.000379
0.000424
0.000482
0.000562
0.000606
0.000688
0.000803
0.000929
0.001108
0.001348
0.001635
0.002055
0.002641
0.003539
0.005004
0.007563
0.012831
0.026778
0.092880
6399842304.074323
6400146944.074661
0.093320
0.026974
0.013030
0.007708
0.005098
0.003635
0.002703
0.002102
0.001705
0.001379
0.001152
0.000973
0.000845
0.000743
0.000656
0.000600
0.000502
0.000455
0.000412
0.000377
0.000342
0.000308
0.000288
0.000268
0.000246
0.000226
0.000210
0.000194
0.000185
0.000174
0.000142
0.000181
0.000149
0.000136
0.000128
0.000120
0.000117
0.000113
0.000096
0.000098
0.000095
0.000095
0.000091
0.000083
0.000081
0.000078
0.000059
0.000063
0.000072
0.000070
0.000065
0.000061
0.000061
0.000059
0.000054
0.000057
0.000053
0.000052
0.000050
0.000049
0.000046
0.000044
0.000361
0.000050
0.000041
0.000039
0.000041
0.000037
0.000036
0.000036
0.000037
0.000038
0.000033
0.000031
0.000032
0.000032
0.000030
0.000030
0.000034
0.000032
0.000026
0.000026
0.000026
0.000027
0.000026
0.000024
0.000024
0.000023
0.000024
0.000022
0.000021
0.000020
0.000022
0.000021
0.000019
0.000023
0.000022
0.000021
0.000021
0.000020
0.000020
0.000019
0.000019
0.000020
0.000018
0.000018
0.000018
0.000016
0.000017
0.000018
0.006463
0.017399
0.000016
0.000016
0.000017
0.000016
0.000016
0.000015
0.000014
0.000014
0.000015
0.000016
0.000014
0.000014
0.000015
0.000013
0.000023
0.000009
0.000013
0.000013
0.000012
0.000012
0.000013
0.000013
0.000011
0.000011
0.000012
0.000012
0.000012
0.000012
0.000012
0.000011
0.000017
0.000012
0.000010
0.000011
0.000010
0.000011
0.000011
0.000010
0.000011
0.000010
0.000010
0.000009
0.000011
0.000010
0.000009
0.000010
0.000008
0.000013
0.000010
0.000009
0.000009
0.000009
0.000010
0.000009
0.000009
0.000008
0.000009
0.000008
0.000008
0.000008
0.000009
0.000009
0.000012
0.000023
0.000009
0.000008
0.000008
0.000008
0.000008
0.000009
0.000008
0.000008
0.000008
0.000008
0.000007
0.000008
0.000009
0.000008
0.000043
0.000012
0.000007
0.000007
0.000007
0.000007
0.000008
0.000008
0.000007
0.000008
0.000007
0.000008
0.000008
0.000007
0.000007
0.000008
0.000013
0.000008
0.000007
0.000007
0.000007
0.000006
0.000007
0.000007
0.000006
0.000006
0.000007
0.000007
0.000007
0.000006
0.000006
0.000007
0.000004
0.000010
0.000008
0.000007
0.000006
0.000007
0.000007
0.000007
0.000007
0.000007
0.000007
0.000007
0.000007
0.000007
0.000006
0.000006
0.000006
0.000008
0.000006
0.000006
0.000006
0.000006
0.000006
0.000007
0.000007
0.000007
0.000006
0.000006
0.000006
0.000006
0.000006
0.000006
0.000677
0.009649
0.000005
0.000006
0.000006
0.000006
0.000006
0.000006
0.000005
0.000006
0.000006
0.000006
0.000007
0.000007
0.000006
0.000006
0.000007
0.000004
0.000006
0.000005
0.000006
0.000006
0.000006
0.000006
0.000006
0.000005
0.000006
0.000006
0.000006
0.000006
0.000006
0.000006
0.000005
0.000005
0.000006
0.000006
0.000006
0.000006
0.000006
0.000005
0.000006
0.000005
0.000006
0.000005
0.000006
0.000006
0.000005
0.000005
0.000010
0.000016
0.000006
0.000006
0.000005
0.000005
0.000006
0.000006
0.000006
0.000006
