24026.843422
55.041560
-19.645499
-60.097935
72.119463
-1.636652
-48.417278
-92.469536
-43.750567
55.435300
-56.657976
10.003633
-27.083860
-87.511913
-43.261095
-156.170820
-27.805965
-79.799671
0.453799
-24.880465
-5.063621
74.724778
-32.320730
5.227130
-9.290040
-11.194866
-50.392761
-67.460972
-99.066019
-47.266764
-64.409976
-29.629211
7.187186
44.667540
44.713946
13.079308
82.732364
-74.988067
-16.529264
6.694673
-4.158656
-20.596126
-5.481626
49.257607
-87.322665
-16.624893
33.802545
-73.321707
-12.984119
-5.978996
-7.992863
26.278731
-30.842143
16.319372
-21.285040
32.031167
-67.642010
12.858068
25.964166
132.892737
-15.269599
-52.640597
-72.663394
-87.759503
-56.270366
-34.809483
16.461435
-149.456057
6.140419
54.591541
68.716351
-21.616415
44.164972
-42.002574
-38.135742
-28.150557
-126.431059
-16.177923
49.506657
8.031736
-80.232455
56.065646
-54.671019
-53.429264
7.076519
-44.483650
37.581129
-132.992820
-67.141149
-27.231144
10.049709
-58.067504
-20.489618
-59.903206
-120.027190
29.573818
19.868543
-6.503253
7.423137
-71.962669
-107.418473
-71.077723
-55.278465
-61.922307
6.485667
-23.140964
49.107204
43.926316
-100.979382
-66.123757
-18.796513
14.739653
13.191687
-13.213628
-130.188786
45.530902
-52.671844
37.082734
-10.760345
-4.311965
8.042987
83.793319
-14.458895
-35.058404
45.374775
25.633469
73.218103
-53.200075
-52.283199
-11.664449
-60.015999
0.197370
-47.144151
107.610285
-122.916485
-13.998058
-17.296920
-67.722501
-105.033448
24.119427
-30.758688
70.638680
40.584697
-46.076801
58.276082
35.324759
-114.607769
-45.673448
-2.585161
1.184929
34.206854
-16.545882
-31.588622
88.321586
30.149056
-117.655869
-74.032200
9.155506
-21.548398
-42.383365
-3.104700
-89.059995
32.621590
-67.297324
-132.486485
37.398888
-17.815787
6.777256
-125.458812
-4.401277
-106.335565
-8.749944
-68.128464
6.553153
149.052268
54.479804
-5.080594
75.959066
70.886630
-6.900099
32.984574
40.053962
-2.280495
-90.279235
-71.248919
-74.567859
28.801843
34.377691
25.383029
-7.998201
-16.511227
11.524580
-22.255487
-17.901228
60.463642
-16.703763
-1.158067
28.291623
-3.340661
3.358796
66.007540
-26.446748
68.819407
-14.438922
-35.536101
-25.402747
12.558321
52.128947
51.133485
36.224177
-28.035295
-14.334535
-40.847721
-25.641533
-15.941992
-62.912675
62.799016
-9.904447
-61.137829
-37.420624
24.964161
-47.890160
-53.120541
-24.176017
3.010363
-41.758449
48.658967
13.524465
-59.189545
86.717871
17.980587
29.354507
-29.586784
-82.865179
-87.977802
68.988057
96.778657
17.172068
-27.762287
33.506855
-32.036746
-12.649323
2.316493
-1.607750
-51.914911
27.777404
-20.454166
74.375820
105.245342
50.685005
-98.326867
-44.761894
28.271686
-44.894796
31.017046
-73.104466
29.835309
88.420239
-93.786179
3.316938
-37.420209
-8.309155
-5.478578
-63.915538
-16.589134
102.598812
80.226598
-40.551912
30.938096
-14.952240
-11.400458
11.641519
-79.379421
-29.112303
-4.400212
87.216614
-75.603512
-20.312540
-4.267786
71.075300
65.732230
-16.569776
-92.518313
5.092998
0.096111
-53.053780
-5.987053
21.516162
-41.170398
-47.415453
-54.177697
-5.064205
-119.625268
-69.980523
-73.305446
-48.327675
27.823151
-47.105647
-76.788171
-77.745594
-19.046589
-91.268660
-6.773908
-53.630779
-8.007324
-67.968788
-27.289043
-18.482665
-6.369685
-33.067748
-64.330302
65.064103
44.799397
35.492991
-9.831382
-47.689992
-75.452291
-68.980266
27.044972
20.408966
-75.273177
17.208310
-14.406921
-64.201359
-3.344306
-4.271667
-74.768505
27.697896
-10.260627
-3.362897
-29.542343
-57.195223
-67.392120
20.635352
2.352087
28.098673
-33.316520
68.641619
9.721728
-54.374403
-31.635131
-23.251031
-46.985508
-45.233502
-126.950471
-13.820301
-18.935058
-92.167104
24.703622
44.983156
-16.726970
-88.882703
-17.704799
-48.703667
49.663828
-52.035743
13.173141
61.873836
-80.654339
4.472803
-9.255707
-50.706342
-14.929915
-32.603055
11.921891
-15.922999
-48.411012
-14.770883
-0.302827
39.904847
-68.320176
-29.562897
-55.360317
-40.541491
0.833028
38.374899
81.276082
-50.388579
12.595781
24.369824
-22.204404
-27.204247
-11.882403
4.056453
16.591401
20.488879
49.818154
-100.663934
-70.535853
-20.341475
-37.588848
-10.790649
-49.516630
23.017663
18.031303
-65.156873
-10.664985
-22.456146
-80.024990
-82.478754
-102.554963
-45.369039
-41.510852
-10.289976
-44.314561
-14.812820
-73.222545
14.987537
77.716818
-12.793986
-96.730572
16.758361
-54.380419
-12.595166
43.885264
-24.990138
-64.960710
8.056012
-2.133215
-23.661812
46.995985
-26.375387
-78.557922
31.273968
-100.276834
-32.412421
41.788623
-27.030453
-44.571986
-29.627305
-57.732140
74.831662
-44.273460
-114.722801
-26.645176
48.903825
-18.461155
14.664280
77.226519
-50.003992
-40.944997
-27.690969
-13.870416
3.382819
-18.887932
-34.551909
-21.141525
-20.427075
5.662666
-109.250688
41.376120
-51.125712
-55.698184
-53.108676
-76.869784
32.791164
21.959944
4.162232
-8.634549
69.890373
-65.140707
7.603624
-20.373269
2.534145
-110.549964
14.742415
38.928097
-48.086481
-28.675623
37.921077
-11.430944
11.990593
-28.188475
-56.972494
55.041141
-39.756487
-22.052433
6.048964
-45.882900
95.101282
40.275716
-48.306595
-40.106735
-66.354880
-0.657744
26.985249
43.378697
32.459784
-33.578290
-83.088145
-65.879636
-13.494800
-26.282149
-50.143360
18.527423
-22.881030
-32.435037
-21.375589
-105.007555
10.712506
3.666778
-15.553480
-29.909770
29.320048
-111.211752
-61.092650
38.603943
5.836307
55.931394
-101.446945
-38.573491
33.143864
-55.010544
40.782558
-41.827006
-38.135476
-13.516878
22.308403
4.855422
-29.366398
66.873271
12.714661
139.971819
-37.159091
-47.380288
77.238876
-47.616073
-26.264790
-26.308956
-64.483581
3.728694
5.006894
39.480300
-23.390928
-15.281290
-38.016440
-46.740510
-4.790221
-82.140289
13.359584
-35.140838
38.827523
-32.482475
21.598983
-21.679279
-56.429021
40.453235
-23.399293
21.743221
-37.885765
-34.939139
-71.599270
-27.146894
45.204880
-106.130190
-32.077251
-87.895947
-5.316585
16.295885
-58.240169
20.764038
-24.081316
-91.789083
-50.095811
29.937755
-94.581292
29.126729
32.622493
3.171732
-37.654067
-121.206493
55.979021
31.171303
23.718502
14.106102
-72.123783
52.509959
23.319860
-42.792260
-68.474978
-77.814823
43.851199
-54.953040
-53.448558
-4.132592
-53.998945
-21.311498
59.727343
-31.238773
-59.001497
7.499876
17.379973
0.303767
-16.813309
-33.961380
-66.536508
-51.082809
-65.931827
-14.438343
32.844102
46.023848
-26.086173
-31.301664
28.232421
23.467122
54.137025
2.340631
-8.228760
16.899317
-24.729787
-41.049993
45.465340
-52.996951
23.774056
-3.546283
-66.487074
35.680244
-6.879590
42.066488
13.130843
88.998077
42.791381
97.196899
-59.062122
15.816266
6.951965
30.241789
-18.772555
-55.758694
-25.160844
-47.367580
-64.721845
36.160736
1.649014
41.825351
-99.520247
-36.332466
9.671278
31.671108
56.409022
94.636237
-57.208176
39.134652
-22.216962
38.029570
-15.775180
49.462985
-14.010358
33.216259
-62.890022
-53.912785
-4.132517
7.991570
15.073362
61.967242
1.024023
16.417336
39.185502
49.103519
9.552763
56.799638
1.376018
32.339039
31.681478
-108.698702
4.937957
-50.613408
-35.961867
-60.321809
-36.869222
-21.002940
16.706687
-51.906915
-62.246283
-120.833367
18.720757
-40.025481
-10.164453
-3.385078
-89.200736
-10.999547
33.499961
-66.694661
-23.532839
26.979700
-19.815992
-38.001874
-35.037477
-28.209575
7.133453
24.256091
-83.799300
-30.226377
28.787759
-19.621535
-105.884137
32.680530
71.211374
7.963791
-105.591904
-69.993337
-6.455178
-2.765090
87.172848
-61.409215
-48.742193
14.861267
-2.518238
-43.106909
47.063758
14.331392
-83.117072
25.684572
-47.122261
-40.558734
-37.813495
28.491308
52.355326
19.049840
11.285017
40.231640
-82.588489
9.506279
-127.590799
-30.628599
-33.032903
-61.175852
-52.432480
-49.314648
4.734337
-41.079060
-12.365688
-4.138491
119.425799
-40.299632
153.652958
19.602998
-2.486832
60.628385
11.725984
3.966974
-71.122464
85.084693
-65.919483
100.867828
23.113207
67.774951
-82.738937
9.406800
25.899818
-71.453795
-120.127052
-61.744320
-34.754124
-2.992236
36.049228
-169.121240
-53.108431
-11.565903
-15.684901
50.751068
1.996061
32.372944
-0.660259
-56.072572
77.216885
-21.233911
-111.070237
-62.319153
-67.005067
-5.717403
-39.127735
-60.471306
0.673666
18.287941
41.463547
-4.343658
-13.030239
-115.126312
-66.274132
81.629633
-3.290861
55.680632
-27.663228
-27.075304
1.031360
3.434299
-52.976059
-40.077556
-49.218662
-50.452452
154.134633
38.041457
31.167825
46.636353
45.398003
-56.396407
67.115686
17.090979
-21.509897
-25.847788
-3.285513
3.721666
45.160427
-41.883185
-52.037279
-62.467068
-15.987292
0.442515
51.309697
45.711505
12.880173
21.595400
-12.156058
-47.429950
-16.005841
-21.987737
-105.578861
-71.761658
-21.701935
76.526253
-67.615557
-20.969891
33.185682
-34.894854
-18.737925
58.661894
-30.055081
-61.534816
91.703082
30.383471
5.519755
-136.983722
54.819756
-25.462106
-76.302128
-71.916256
64.145366
-2.013410
41.764337
28.696699
2.912711
69.445407
132.907597
45.068331
87.634678
-21.049660
12.583869
-29.490907
-35.155714
12.180695
27.239852
-7.293389
21.890508
-19.147656
-3.445293
22.918342
38.865932
-68.781666
52.862313
17.552534
-112.260626
50.554082
43.681894
-54.405588
29.129247
75.869184
59.136674
20.701486
38.159860
-8.608563
-44.420505
18.699870
-37.099213
33.966373
-61.077751
27.363958
-85.300550
24.694783
20.802565
-8.423175
77.352157
-39.120914
50.880907
-4.974446
-21.836404
-70.391202
54.667136
-32.922424
-11.893385
-70.607716
-0.164037
-16.796496
-67.025254
95.282014
-105.829321
-85.083208
1.136791
-14.017577
-14.454110
5.366239
20.101718
44.754266
29.381151
44.699423
-24.356983
-21.114913
38.904539
-15.918973
18.314631
-22.862948
31.177596
19.230592
39.861493
-17.204616
18.866425
8.476699
2.720448
-12.755542
14.595521
18.889533
21.677790
35.603511
-24.788264
-45.665050
12.113992
-38.036689
3.001231
25.068839
-20.837715
17.003339
6.242103
2.322194
7.500708
-23.937510
-6.008220
-55.915240
18.061957
19.837128
12.058530
114.296990
5.680747
10.142881
28.308100
-6.896621
20.712246
6.950978
-0.777362
2.978303
24.949070
0.738898
12.442551
-8.736090
4.361946
-51.253058
-35.913714
-2.349866
15.057440
55.477956
29.180237
31.828934
18.435538
-16.063247
12.607170
26.682896
40.592609
44.474782
-27.568681
-6.266171
-24.024684
-6.494339
-4.170472
-4.707167
-3.942842
-8.141998
4.844735
-11.951986
-15.851113
16.738317
15.333485
-37.781529
-32.912162
-5.726102
-11.001449
7.715776
13.895745
-33.007823
-9.404934
-37.403433
15.821435
-25.352486
-16.448845
16.444806
-4.968777
-6.227650
-12.697734
-2.032221
20.643891
24.471131
13.611507
31.460092
5.659710
10.631001
1.732329
-3.359278
18.458871
-13.346257
2.595262
-1.824697
16.069678
13.699884
3.896690
13.926537
-28.590859
6.689691
8.587969
8.436817
3.654971
-1.882631
6.933404
1.266719
2.132884
7.297053
26.020724
6.156540
19.706627
1.644565
-13.567395
9.849310
11.731428
8.084370
5.348618
-0.818228
-15.687271
-9.909601
0.756851
1.083969
-13.789368
3.764496
-2.260584
12.247834
6.827913
-0.772796
4.716560
9.012219
-1.737565
8.267842
3.274511
-6.411109
-3.369621
4.879968
12.129523
-5.298868
3.303040
5.516640
-8.333483
7.717986
3.183650
3.518727
-6.879530
7.463781
-3.435488
16.667561
8.346716
1.655111
4.870005
-2.052838
5.070085
-1.051536
-3.659558
0.750345
5.008621
2.153236
-0.940831
4.125570
5.172283
3.043053
5.908389
3.123521
3.194841
3.539252
2.210671
2.353502
1.907261
3.290747
2.251634
6.025713
6.516350
7.681641
-3.183307
-2.538441
5.105599
3.958423
3.674206
2.378503
2.219459
3.811463
3.356682
2.162249
3.258379
1.595190
0.526367
0.475753
4.361452
3.801607
1.644424
0.453355
6.531374
3.045404
3.670250
1.574066
4.633583
3.805863
3.395929
2.153453
1.566254
3.939776
-0.064566
4.418027
0.950678
4.279813
-1.499539
2.695466
2.044003
1.588003
5.587815
1.864571
3.489515
2.603777
3.390162
3.108047
2.267292
3.012800
2.760625
3.931346
2.137221
2.312245
4.031630
2.327274
3.157021
3.103760
2.534317
2.580572
2.913795
2.208050
3.341244
2.747638
2.653721
2.759010
2.457063
2.734643
2.825283
3.041102
2.745062
2.835117
2.805079
2.759524
2.728565
2.670406
2.816717
2.776066
2.771087
2.770624
2.811980
2.818143
2.823397
2.759658
2.544893
2.795428
2.672119
2.878211
2.848355
2.606410
2.918322
2.490570
2.557130
2.765775
3.219671
3.256371
2.738899
3.411558
3.336423
2.255383
3.367018
2.553417
2.913822
2.417805
2.570323
2.912460
3.021660
2.602709
2.451462
3.450080
2.814281
3.067546
3.216917
2.112975
1.875867
2.437391
2.603594
2.534742
2.171542
2.945518
2.567063
1.941676
3.311729
2.631734
2.884173
2.696339
3.919445
2.364184
2.904076
2.495121
2.048244
2.816018
2.684818
2.898583
2.733859
2.040266
1.625003
2.320867
2.897121
2.409708
2.566330
2.786670
2.959120
3.259404
1.994970
2.252270
1.820354
2.124357
2.451403
2.851636
2.672335
3.917118
2.168598
3.113888
2.500757
2.706030
2.116949
2.839616
3.366527
2.640121
2.837443
2.732231
2.175216
3.621817
3.127034
2.348278
2.997970
3.066230
3.142404
2.536784
2.830979
3.145236
1.696145
1.994872
2.620947
2.092131
2.376970
2.858222
2.897196
1.822942
2.843299
2.138386
2.452653
2.829423
3.541675
1.946143
2.845433
2.779874
2.520857
2.811822
2.037575
2.498382
2.819655
2.132684
3.284313
2.486458
3.302549
1.953642
2.700032
2.695264
2.378998
2.347581
2.878707
2.463656
2.638902
1.988280
2.066602
3.078461
2.073272
2.149163
2.564613
2.015699
2.342908
2.608113
2.646575
2.622413
2.555760
2.653806
2.647129
2.520737
2.057763
2.774069
2.490047
2.339811
2.321441
2.271449
2.570740
2.235592
2.335088
2.478232
2.376490
2.449121
2.331723
2.303080
2.345152
2.371626
2.477545
2.251403
2.219843
2.390458
2.459767
2.408737
2.419152
2.338919
2.274738
2.340449
2.335516
2.330639
2.315497
2.314791
2.311489
2.276287
2.289541
2.341486
2.268288
2.258510
2.326351
2.359207
2.270809
2.230643
2.202165
2.102232
2.320563
2.275267
2.163484
2.349441
1.843437
2.277770
2.036135
2.297721
1.933738
2.148967
2.203846
2.105937
1.960645
1.823663
2.229315
2.108949
2.275318
2.161848
2.040099
2.287780
2.102258
1.665398
2.111851
2.168682
2.163254
2.089942
2.078300
2.099372
2.082953
2.012937
1.921418
2.042960
2.143079
1.864344
2.241979
2.813984
2.445966
1.556087
2.550488
1.883717
1.827432
1.903121
2.263796
2.172946
2.302199
1.370473
2.469859
1.577645
1.716692
2.436572
2.066620
1.238095
1.684119
1.572090
0.699573
2.306407
1.038343
2.411588
0.851799
2.062824
2.183235
0.992055
1.415654
2.163135
1.460375
2.049185
1.201754
2.022741
1.583960
1.130312
0.793875
2.132361
2.152012
2.241524
1.495208
2.501807
0.945220
1.554369
1.333792
1.755365
-0.198360
1.842148
1.771649
2.740090
1.213880
0.839573
1.389825
1.345106
1.234373
1.758567
1.910165
2.709969
1.230743
1.041912
2.367814
0.428809
1.825371
1.603675
1.978167
1.742500
2.265449
1.583120
1.934108
2.595472
1.177651
1.416829
0.792900
0.541239
1.472731
0.693830
0.527584
0.824161
0.727600
2.262415
1.268156
0.268949
1.085749
2.629189
1.924216
1.486104
1.267840
0.944873
1.095975
1.625128
1.561594
1.182570
1.420983
1.140917
1.955717
1.652527
1.873830
1.668452
1.200869
0.846380
0.886094
0.581875
1.132295
0.741280
0.858286
1.566812
0.826636
0.917264
0.892304
1.280632
1.457266
1.090271
0.923346
1.003126
0.840137
1.017192
0.354280
0.799693
1.044901
0.864185
0.885831
1.073764
1.097433
0.708384
0.792216
0.797118
0.792641
0.715625
0.834782
0.804691
0.784186
0.762209
0.763290
0.727826
0.693855
0.689741
0.766811
0.563083
0.892565
0.983262
0.900747
0.795609
0.710870
0.547772
0.625658
0.529301
0.722727
0.412256
0.776028
0.768927
0.526047
0.806234
0.374933
0.081891
0.104782
1.965818
0.956182
-0.654618
0.257945
0.091948
-0.538202
0.535957
1.020713
1.133984
-0.424754
-0.281281
1.340198
1.609046
0.153645
0.927483
1.325706
-0.167372
-0.556616
-1.700219
1.896287
-0.891790
2.322701
0.638903
-0.677245
-1.032483
1.343972
-0.955934
0.772673
-0.719623
-0.083610
-1.124575
0.621893
-2.096273
0.643943
-0.593466
0.966620
-0.253222
1.748867
-1.771549
4.262446
-0.709542
-2.113103
5.692097
-4.607794
-1.510400
-2.953786
1.056019
-1.944195
-2.031470
-3.190465
4.912530
3.901813
1.729127
-1.261925
-0.194270
-2.050914
0.823566
-1.141840
0.337549
-1.141525
-3.474173
1.377306
-1.071567
1.194164
3.028277
0.284361
-5.146716
-0.093602
-4.332102
-1.285891
1.036290
1.197753
4.172886
-7.525855
6.793567
-4.823185
-6.528012
0.808165
1.395766
-9.156420
3.569337
-1.686157
2.020412
-5.564384
4.630755
0.647283
-7.913573
-4.099313
-0.706393
-5.970144
-8.089962
0.572809
0.180588
-6.499118
5.155818
0.636128
-11.701247
-2.501007
0.927953
3.636927
5.199257
-5.116599
-10.030898
4.736462
-3.821671
1.074774
-7.390132
3.412288
4.878334
-10.605551
-11.221326
3.191315
-3.319974
-8.539387
-9.094496
-4.115959
-10.400679
-0.939935
2.733657
5.313509
2.074992
2.055329
-8.059631
0.217560
-1.132979
0.247778
21.327184
-4.216207
-12.349953
-16.904219
-13.279037
-0.982761
-14.769432
-3.210189
-8.475283
0.436654
9.219011
1.324328
12.168848
-16.026416
-13.148442
-9.762978
-2.077117
15.113351
-28.068180
10.496231
-18.776910
-0.411702
-3.374362
9.973148
-9.604610
-0.868594
12.390358
9.197829
-17.637295
10.250847
-34.336280
-9.319822
7.414050
7.740033
7.085515
-9.903395
-2.157678
13.264803
-19.765644
-47.639946
10.652920
-31.338894
8.192250
-13.888783
-7.664882
44.924031
8.456404
-2.766223
27.732810
5.605020
5.827403
12.049341
-2.309125
29.971154
6.612173
8.232210
-22.424316
-16.781148
-9.331235
6.289724
-15.128792
7.031509
29.479815
-15.683844
-34.851028
16.287723
0.346367
-68.197673
24.428252
-2.545836
-34.269922
58.419436
35.939771
-39.509439
-19.894504
34.413307
-14.497045
28.169434
26.586287
18.681634
-35.169513
37.665435
-35.993444
-87.991730
-25.649898
19.476799
13.824985
56.724041
16.571069
-67.831047
5.675888
-11.223937
15.093111
5.586639
21.043728
-69.998158
14.296220
-0.696500
18.715312
33.219321
28.963807
18.175789
35.695010
17.451066
-47.174265
-0.528840
-10.830972
-14.324403
14.218590
-29.835330
-23.721663
-62.887268
-91.792811
-30.851701
-64.557496
-40.346892
-71.079524
-18.551045
-89.790912
38.697167
32.296860
23.231026
-6.880425
-1.367034
41.223347
-40.485217
-52.542845
1.812510
-52.874138
7.780647
-45.771515
26.652372
88.585752
-29.413314
19.843584
-45.323845
-42.610454
18.968035
59.079966
-40.517915
78.829310
-51.897886
-56.111118
6.550903
57.318467
62.906646
-71.346689
56.328075
-21.858571
-74.406461
72.020089
-5.771318
1.889907
-53.978335
-83.211318
9.358868
27.037507
-19.018826
15.879424
50.472985
37.215016
52.961385
2.221635
99.956947
55.971984
-19.055645
-50.900303
-27.891217
-99.133445
84.947365
109.459784
-68.701920
-51.583144
35.528660
18.945175
-7.918522
-40.233389
-59.406698
42.935941
35.249796
-7.197619
110.119980
35.884306
104.376793
16.149911
-28.151330
-80.240747
-3.761533
54.556310
37.731991
48.238591
-74.426886
-4.625783
42.622250
-13.228606
-46.830273
-51.864128
-55.870798
63.955685
27.272269
-6.359734
-102.326778
-27.784859
79.949133
78.443437
12.305113
60.534833
30.858165
19.291105
-49.584609
83.067800
4.963379
-17.450772
54.849970
68.815400
52.936471
11.788220
-58.626575
-56.531043
1.272375
-5.659846
-8.569028
-70.426439
81.881470
8.758413
51.708478
5.818148
46.951376
71.913602
1.151664
4.289458
-80.012093
17.883584
-31.209421
-3.248433
-58.672078
16.145189
-7.810439
10.666245
70.031931
-3.914606
-53.474969
59.368410
-44.385091
-43.580099
-29.189612
-67.163973
44.747952
-26.767006
6.919322
-17.233007
48.257752
-74.524409
-6.428198
-32.272580
36.077934
-31.831672
50.760819
-35.747768
20.033302
-26.418519
57.215838
5.457188
24.878037
47.378601
111.454786
93.986186
-5.341511
-33.055839
-0.311281
25.787002
-1.630262
-48.639561
-7.647866
66.259321
36.968377
-26.461402
-20.393958
-30.793574
4.507189
38.684890
26.854970
82.306091
-16.902553
71.588239
37.952025
-36.621614
-79.102457
5.786029
-13.903481
-15.582281
-58.446452
-64.501958
-7.421570
-59.065905
55.154227
12.749918
-11.403688
-42.745620
-95.312864
-28.479990
-32.976442
1.346446
0.911537
-25.141238
29.210354
12.494834
10.123325
6.327714
25.649943
-56.339598
5.978091
-33.951094
-18.018286
25.954060
95.597665
62.860164
-24.572506
20.628135
-8.846503
33.079854
-112.439416
59.442622
8.603695
-31.266059
-45.072245
85.229271
30.104096
12.879104
65.405593
17.558737
7.702551
-60.041171
-25.825972
-73.024973
-30.667179
-84.246283
-8.821705
63.810072
44.495182
35.462939
-17.536052
-17.509518
-1.562839
97.353015
-47.768146
-11.674263
-85.447955
34.016053
-34.508842
3.585332
29.505468
-45.694728
27.645866
82.531117
-8.730026
-75.249925
-36.218889
-30.121178
-21.895207
48.165829
48.659253
22.331439
-23.375835
5.486430
86.102729
40.773207
-87.645850
-30.069389
10.106338
-86.311022
0.952145
-31.935215
-11.156207
-7.010124
10.110330
-88.150679
-16.086824
57.270806
25.133155
19.779588
-66.413235
-5.635728
77.787949
-34.919279
43.641026
-79.266381
24.288663
-48.583687
27.228100
-26.621976
-40.284120
14.510185
-22.530120
-28.718637
24.125668
48.567304
-42.938887
-24.185287
-39.603726
36.244345
-45.604077
-28.043485
58.445405
19.057541
-61.555230
-19.900019
13.089990
89.673847
0.655332
5.194456
-16.388451
35.754840
30.103585
7.808653
-5.860361
-88.094188
34.794115
-58.319996
-57.388177
-58.249378
83.718637
57.898356
61.055366
-38.873464
18.595811
19.457175
-5.230991
-89.422126
-19.842444
17.539283
-46.769215
-13.621357
-14.955612
6.469657
48.884096
22.988731
-9.807857
-46.553215
144.702481
58.940798
-34.815260
65.104449
-87.445204
-53.070055
12.449659
-69.386762
56.362303
-36.247619
2.168273
43.458768
15.995669
70.156620
55.646022
-22.878376
-43.835225
-44.337907
45.267252
5.127356
-2.738613
-17.984217
0.240992
103.353304
-16.604553
38.373768
-23.812921
-71.058427
-7.643338
33.655777
27.061056
19.040313
-37.399949
-25.985901
35.516776
4.753077
-7.585698
44.060907
13.263895
90.123334
-16.417267
40.495173
6.070367
-0.157336
-30.296606
65.200064
13.887413
-16.467220
84.017682
-55.871700
-46.269867
43.809536
2.960797
-18.558162
-6.839258
1.837684
-22.765332
64.309343
67.933193
-28.360574
34.213888
28.643397
-12.602487
-8.933527
44.043246
19.040308
-70.057312
-22.105896
55.812301
-21.445578
-78.927227
-27.238435
-6.074056
59.938217
15.315778
-23.855750
-18.639963
11.377398
89.679746
13.414335
-50.754739
-15.012402
-40.615047
-64.517410
25.009620
-29.615119
-1.712597
-13.676266
-82.532709
-14.275861
-52.291987
-1.686167
27.786542
36.750416
13.785568
37.055143
-6.430821
33.807113
-55.915590
6.970988
5.742828
25.788330
-15.939898
-0.484864
0.941837
-10.304829
-47.485339
40.280837
17.982270
2.001449
41.162134
59.333426
34.251721
-66.357208
27.109650
19.131667
76.386858
2.104928
49.555454
21.158048
34.651955
20.203847
116.594211
61.700465
-35.541446
-118.599958
-40.990370
-52.564407
-58.481808
6.450682
-19.179748
-19.156856
36.784205
-56.166382
67.469998
-30.742535
-74.902813
54.347869
-53.971575
21.151872
66.595296
19.612652
38.057720
21.564589
26.934167
-54.370179
-21.618740
25.532142
72.661347
-2.545051
3.391556
55.227251
32.845477
7.314428
25.353369
-3.601152
36.864317
27.599053
-7.373605
1.012363
-28.763958
27.945114
-23.880810
69.993076
3.185422
-49.062268
-37.040350
30.345508
11.457063
32.706088
-53.312752
20.167893
-3.586208
-119.637173
12.697661
-97.187869
-12.469330
-69.482682
64.580639
48.743245
-8.804733
-23.043260
-18.859361
-45.103798
-26.629904
-79.736519
-3.621693
48.726227
-42.125100
-19.514941
51.596746
-97.449396
12.868554
-76.044112
-0.443680
-42.133088
16.138030
-33.798930
-8.001987
27.882193
-50.581829
5.693237
33.114503
34.483299
9.725059
58.290980
-26.411228
-24.534651
37.359989
124.304501
-88.130355
18.953791
42.501786
-73.397367
85.656914
-28.135420
-23.532992
-58.105136
45.073712
-3.916216
-9.162715
36.666474
-1.481760
47.802439
4.025373
-52.004873
63.470428
48.721517
23.335743
-35.411132
-43.778331
47.076298
-41.271070
28.384242
36.783381
-65.779875
13.270762
-91.546496
19.012751
-34.719826
13.186155
-15.342338
40.221704
17.455729
-5.729645
56.277157
45.422697
-14.481214
-84.817522
8.343214
2.487756
55.676158
17.134537
-18.451489
-30.112080
50.836497
73.740039
-97.574019
-44.337947
74.185812
16.545809
3.088056
26.735700
93.932056
25.458982
-28.622206
-28.662000
-29.936218
20.457265
-2.486348
63.069103
-1.421438
-67.370449
-50.076729
32.189545
51.216822
58.123762
-26.410885
-22.630218
48.306842
28.421086
-25.660968
35.527238
-24.452981
-60.886897
-55.649780
2.941338
45.264406
-43.103524
6.456492
-24.502088
-77.429061
41.035016
-48.905122
-31.737855
39.122778
-105.810188
27.462626
41.494193
3.311825
57.967672
-0.127934
65.786552
-19.813437
36.879188
118.065730
83.569517
-56.986327
-33.145369
-5.000971
59.185346
23.504888
-56.252368
35.401457
-54.357995
-27.121380
6.877459
164.680657
-35.938583
38.280665
-0.960376
-61.733890
71.100176
-4.669931
-85.416122
63.991765
126.904362
-34.471402
24.695169
43.307297
105.470304
26.884897
1.974040
-12.606477
15.718422
-98.426375
-56.145803
-29.795633
-3.034015
-93.100068
30.160548
29.055526
11.732835
34.832542
59.210483
-35.826069
-32.349646
-52.591984
22.024219
-84.083288
27.766713
33.022463
5.610148
-41.159887
7.350815
68.898209
-20.297402
-7.212331
-15.416662
-11.283159
28.350391
-14.018634
71.264036
-16.180577
-83.063410
100.276311
-63.353108
-1.951222
-12.584532
12.697946
-19.652502
-3.577912
-73.962447
-66.598674
-7.461772
-2.260536
-4.410936
-113.251575
-10.568449
56.987261
-50.124525
-0.646969
17.929579
-18.056032
-27.393804
-65.620929
1.279380
13.084011
50.750406
40.271323
-29.061876
-99.218044
-88.447757
104.784039
32.043122
27.767212
-21.273389
-3.198765
47.783344
13.855078
91.301198
-12.461724
70.393856
-19.894129
32.024810
-69.122514
91.439357
-3.789684
-4.427608
36.695447
41.499186
-60.969510
-7.347343
28.681999
25.480487
70.756425
-35.803510
58.462963
24.090946
44.370776
87.124105
-38.656448
-31.682070
24.050598
50.765768
-53.195070
-17.487381
-58.240724
-21.107480
-17.142034
9.740062
100.901791
-76.652811
35.144958
54.777024
47.128689
84.365830
-43.635559
-11.889938
-41.726889
-20.175987
43.667235
8.107460
15.909707
28.713700
12.011086
-45.118475
82.874848
-8.428608
-74.418690
-18.452228
4.178906
-2.122912
23.444648
28.526541
-2.622839
5.916212
35.319629
-5.225173
-55.453454
26.470415
-64.910964
-16.104394
3.459950
41.077657
21.729444
72.807786
-50.823143
-27.574709
-23.671846
6.434592
-83.098651
-16.377854
-34.149039
-54.725143
98.751384
29.087472
30.364346
35.473463
28.641928
-54.663761
-16.870190
21.587181
44.478981
-68.276476
54.922771
57.753840
-28.291263
-18.832421
40.586063
-30.547299
25.949522
4.317624
-58.427202
-15.738101
8.943398
32.167646
-76.489093
13.799989
-15.046723
-10.705968
-72.444127
-34.605037
-47.547137
12.227618
-9.263618
23.090565
33.644406
25.174716
-16.693354
-3.921572
-45.282095
-38.546058
-87.434107
-15.917742
44.785471
-84.779819
41.961792
20.662953
-2.726402
15.037528
27.548088
23.106653
87.232660
-30.825405
-58.134943
-2.030684
35.274593
-18.112687
-39.580895
-28.665887
-29.772968
42.394549
-24.636452
-32.257384
-2.290125
11.954501
8.377934
-94.803981
96.085036
-6.616446
5.467846
-119.197065
-39.302436
-48.138675
24.923681
-75.055691
26.763482
-91.083076
-16.146587
-47.864159
14.209290
29.010938
7.576851
-77.754081
-33.474031
-82.990228
-14.248334
66.000543
-51.626424
-45.798790
-1.918295
-16.456742
79.265383
53.071105
-61.759369
-25.078531
-14.592593
11.879644
97.180372
-43.764069
-98.239596
-100.954724
-25.122982
5.161293
14.027170
-25.185999
-12.011555
-11.790605
22.629687
77.431214
-79.467507
14.299155
-24.955651
-72.499395
-45.575664
80.610766
-24.529218
-14.147914
25.885831
1.998077
10.309035
18.333677
81.868072
-63.570542
-33.292351
-43.426016
-61.938614
-49.378086
42.443867
-2.487630
-41.449057
-40.397987
-46.334101
79.719483
19.914847
79.751921
5.271394
28.211988
80.810216
-55.958035
5.716689
53.220696
0.459669
0.323809
108.168240
-2.737033
-23.911141
-10.347810
68.701470
-55.140027
61.117415
-25.748334
-76.630246
-25.431880
59.643086
-35.126947
19.260969
-100.428837
-79.241645
86.483718
-59.988599
-116.031174
-101.891924
137.286706
25.400130
-44.273532
31.349392
-42.967337
-131.052825
-49.058093
32.098901
12.092246
2.275287
-12.065610
11.600919
-18.547716
84.847470
78.785316
-38.168180
-18.090734
-13.611655
1.848544
16.654996
19.540873
-6.689015
103.631534
-133.522738
2.218109
19.747384
34.161882
98.409318
82.472733
-8.279475
19.190601
-24.677985
-41.691096
98.503627
17.331654
-8.953059
-32.037389
44.324026
0.328515
-27.602381
-86.718256
62.906048
-108.029572
9.310555
-117.904539
51.274497
72.313090
20.503097
50.651863
-21.793445
-27.668651
1.739154
-50.179365
-52.885761
181.814110
43.738131
118.826361
-20.686721
-47.581828
13.245034
36.906501
60.742268
-40.905544
-27.035456
-74.943070
-10.652680
-11.501237
-6.666209
-19.616900
-18.490756
-109.621787
29.180176
-25.307225
-31.494667
-68.275141
15.366617
-24.485769
-11.164959
54.865946
21.535244
49.129405
-25.470334
6.210449
-77.845328
-58.918616
42.379522
25.351430
-49.029439
-45.989553
-49.611781
15.335403
-44.234796
39.619314
-22.773333
-42.616005
-37.752635
-76.510692
42.264083
-23.735168
33.595860
-70.907536
20.248902
-26.041052
7.160880
-20.853509
34.393435
3.294263
-36.695469
-29.245968
-48.458464
51.627243
20.438904
74.401795
-81.677346
92.482963
-28.253989
-59.551855
22.210476
9.573470
12.086769
107.842907
-4.233483
-7.280057
-21.188245
69.769082
-47.000649
17.104468
-29.579644
30.856453
17.135527
-8.324795
58.578690
96.613247
-14.850216
25.298459
86.312103
3.450368
-63.242702
-54.837830
-20.291289
-0.145086
30.755645
-22.970918
-25.377854
45.420277
63.188701
-22.298134
-19.670952
-29.601584
59.007990
54.577972
19.560724
4.499965
3.118718
58.210370
-12.930125
77.215462
35.484876
-1.125919
-20.915649
-72.323120
45.384211
-98.346162
43.318547
33.648611
30.332002
34.515524
-2.290256
-10.218919
-63.639130
11.666484
-7.187995
61.693952
-26.628965
-89.306281
-29.852905
-64.338508
-4.843009
18.460072
-39.992228
41.446276
4.877226
45.993479
98.269707
105.394569
-5.805846
77.324625
87.155103
-3.411684
143.017113
49.048398
55.111802
-100.278097
-28.094651
25.159281
-59.807872
-46.143003
57.315414
-17.342265
-20.036644
51.155999
-23.535776
26.450786
-2.495507
-29.131258
0.374435
71.541672
41.101459
-87.900471
95.786739
-135.975211
-46.974834
0.050426
33.123757
42.664720
53.317018
25.085868
50.894681
54.132645
6.034707
63.042175
74.354991
63.660217
36.904838
36.433390
79.611497
96.218895
-20.321745
25.606346
-22.223033
96.063282
2.763147
29.929691
-35.004382
-25.105787
26.248341
106.343715
14.194597
-6.411035
-6.689405
12.120412
-32.260883
69.439632
-20.675962
3.073639
-35.827054
2.871965
-7.973946
-36.906101
48.069282
109.891643
60.269613
10.554686
-47.099371
18.020167
-26.759286
-46.457853
5.737904
-54.188239
58.614777
5.687003
28.865227
-36.114076
3.965777
-53.579494
13.796409
-27.656937
-160.462731
-75.895671
-67.608454
-172.756130
-18.797521
18.637741
-38.463774
7.685907
-38.781256
28.990566
22.619124
69.874630
-51.068075
19.181979
-52.101527
-22.897174
20.309926
-39.961482
14.376071
60.772456
111.818713
44.318648
-37.004199
-15.158229
19.375176
-27.890188
7.809910
-24.737156
76.246483
-25.782253
20.757790
-3.693802
1.891360
10.602427
109.857473
11.243393
-8.841887
-19.428983
41.130204
10.418202
99.500748
-23.804294
30.397048
-8.142822
98.840942
85.878599
21.076209
36.306300
66.676742
75.725576
56.484448
1.304472
55.872146
48.187562
18.917183
43.784334
30.533380
37.290250
-3.067331
-37.208475
-125.333468
80.030764
-88.615782
45.183805
69.389731
-2.413604
-25.389469
-5.072303
19.938186
-26.392497
55.642792
-20.141573
-23.785960
46.746566
-40.901258
-61.128836
36.117946
-37.632029
-109.626650
60.520178
56.964309
137.802778
-7.294476
96.502368
72.141379
2.829513
100.482670
97.987150
34.821773
-4.390678
32.829979
-54.189443
0.744404
-12.563257
-85.700007
-24.180817
-83.350346
-26.800516
73.769604
-5.055163
-2.542754
-60.519935
-15.799187
8.573871
36.740882
32.078884
20.034272
29.526362
-94.699196
48.703010
-70.841501
-14.121134
-2.925347
43.600189
83.769874
-13.490361
74.340108
-9.903736
2.059079
27.363928
54.858121
46.123944
-47.560081
-19.223409
-17.519603
56.617792
33.238784
-29.159786
-29.984689
21.206097
7.495599
-32.866731
-57.432359
-61.036133
8.859329
75.872425
19.569393
-11.785896
104.766038
51.291138
-27.776722
15.424412
17.589639
-43.246119
25.049060
-50.103169
64.481360
-33.620229
-6.749957
-3.163057
106.202798
8.201424
6.610833
17.836220
-56.270109
-29.657711
79.963737
-64.666511
58.755388
18.532003
34.025901
-52.559876
-45.452176
-28.299180
6.859963
25.022691
-25.958829
0.938647
-17.753197
23.037972
-77.222515
25.489809
-24.038620
36.179919
-70.800509
-42.104000
-34.125602
-23.733834
53.631377
-39.784284
14.559797
-49.180536
-39.407886
-47.034144
24.391449
37.455315
-62.476673
-68.414773
13.779955
-23.402046
41.220533
31.906995
39.681071
-3.487808
-23.960870
21.842177
-70.245311
-21.682263
-32.082804
32.803407
-129.561116
-24.825553
-16.370476
-9.488273
-5.483304
-12.229946
-68.251121
-8.079112
-23.333240
64.866845
28.365947
14.355753
-43.519032
-0.163603
125.897517
42.252825
165.129328
-61.431481
-56.163725
-1.352562
-33.541055
-12.872754
57.200425
7.262500
64.497445
46.306498
-121.745040
-13.927051
-111.559886
64.852915
-89.564373
-30.494868
6.596342
54.249789
-34.962867
-1.708885
37.643342
105.261698
-45.641346
-24.565660
20.266181
3.075354
86.641673
101.301254
27.345116
14.042415
-10.090373
-125.868830
104.935728
-17.754269
15.720735
14.252051
7.654090
-13.498003
-16.320133
-31.861038
72.073858
83.702897
-18.909887
5.506723
-23.421697
3.239671
0.789546
25.535603
-57.362979
-140.382568
-34.953077
34.735004
-50.804592
18.994073
114.934731
-122.660125
-128.208056
-42.658462
79.248370
-86.789664
-88.240895
24.204413
-28.519884
51.661779
-22.923973
-71.539709
-28.507278
69.232750
-48.143609
65.354443
-20.933377
-15.789444
3.285819
113.143895
-9.368328
17.943044
56.781907
0.357558
-63.430426
79.744632
27.029597
2.279390
84.428011
21.034694
78.416783
-45.749910
-47.317139
-46.188855
0.218711
29.477844
-42.266476
-66.831293
-38.717988
-41.268305
-65.054543
87.491359
13.448887
17.012337
-5.380511
19.849855
-6.327049
-16.535501
63.528006
-55.969853
-76.555555
-22.712839
20.441944
-76.188458
77.989051
14.722655
-17.828426
-21.924416
-39.569571
7.160423
8.782780
-25.933557
-90.781102
-103.318332
-36.271824
92.424261
0.638107
-11.691504
-26.107284
-70.540956
54.261043
82.888844
-16.865466
-18.835276
-38.924047
-51.982073
60.289258
-9.979848
-93.733141
-41.142081
-74.893581
15.049061
14.950565
8.777216
-57.621032
-15.371208
-98.997397
18.407002
-85.528717
27.413827
-57.610764
-37.403883
-106.061653
18.517281
-4.306713
93.103113
-97.912727
16.424143
7.825478
-15.859205
-29.971465
-37.563728
40.517515
-26.336009
-27.789983
-41.562128
-3.761579
39.155983
-6.209104
-48.495579
-7.198179
97.953208
31.995962
27.404959
17.808550
-2.704516
27.193737
38.645686
-96.232704
33.830149
-16.634936
-87.756025
-28.534840
-46.012508
11.921125
-2.667626
22.931693
40.840869
19.576139
-23.386936
5.818443
-42.202447
-32.057797
-64.199696
-5.475905
-10.292152
9.744716
-77.415980
46.322175
9.312947
-16.858198
-58.638009
2.989927
36.216536
-24.477999
49.983738
-22.757617
-27.474831
55.090869
47.184055
-58.367849
60.420310
21.818619
-25.616229
-62.263776
39.085894
35.111303
28.778422
22.630459
100.500286
-72.425374
-54.176755
-18.583690
-78.448697
17.604296
-20.959118
-30.158002
-40.545460
73.162398
31.566432
42.722767
8.364819
-22.335331
-65.703935
35.847996
-45.044659
7.048370
40.386994
26.851343
4.783210
23.862070
30.214722
-7.802874
10.357102
-20.260736
-71.866149
16.750288
82.925842
-52.966836
13.954799
34.117519
12.111021
9.238828
36.026875
-28.166271
-49.030844
1.748018
-30.561192
91.756230
54.067707
44.518860
11.628733
-65.210130
109.063483
5.525728
-20.660561
-24.922424
-58.974101
-22.755338
-42.875014
63.003299
25.288880
-22.360586
-27.566634
92.919938
52.036159
16.405984
53.270667
-32.171379
76.732812
31.984009
20.058431
-15.266170
-63.913431
49.587055
32.631182
-4.517840
-13.391920
89.112488
-74.994659
34.606033
-24.393333
66.878283
-5.942544
90.974670
14.076725
47.951572
-1.083785
-34.311392
26.204154
14.538634
75.600575
-105.044431
-101.304975
-24.034878
38.892794
42.837308
17.184935
-10.585159
-64.170684
-24.539824
-21.450889
1.085335
-6.884272
-38.548266
51.821802
-29.363468
-123.113354
-13.059907
-4.872736
-5.781236
-71.805973
-54.812190
-4.880880
-16.399858
12.581397
-16.965812
5.108233
-62.481367
95.823530
-77.715216
-9.938054
70.361681
-19.633731
34.092503
-17.172803
-21.875184
-5.949869
-14.425488
76.375305
-0.434960
-40.783829
11.570574
30.736854
22.616609
-89.484317
12.324206
-41.541166
-14.380040
-28.912097
71.741103
42.589776
-3.924285
31.742005
16.741608
-79.298960
3.972523
-39.022571
-55.564793
-97.724474
18.587249
-2.758201
2.441889
27.802855
102.102429
31.266481
14.225367
-27.235538
119.945947
63.304760
-87.727619
5.327882
72.186433
-54.646567
-2.664640
37.570595
-40.839122
151.268502
-3.084858
-31.712387
-50.169724
39.638306
-59.861544
30.743197
63.807251
0.341589
-24.904089
-42.117301
92.641129
122.548147
33.094357
-30.082468
71.072617
-9.128795
55.621094
3.022564
40.228711
30.030579
-99.571777
33.838466
-34.660889
-54.895126
30.848743
-65.491722
-23.695610
18.946522
-32.113239
46.086367
2.810483
-48.716446
-45.328504
-18.107200
41.592772
-27.089365
16.604047
53.893545
-31.557598
-26.320904
67.481494
52.330432
36.405519
-55.403241
-67.913832
-6.252068
68.962268
-13.729205
15.961700
-30.218158
-29.495127
-38.511256
40.757002
94.202112
21.795270
-7.161342
10.563268
76.763418
-55.253162
-105.048024
75.046659
37.872743
-31.676070
-8.838989
33.941437
48.665974
1.308576
-0.993167
-81.053480
-9.894576
53.265592
53.152029
-9.649258
15.332144
28.110904
-14.203590
9.282509
-42.032418
15.639105
-83.572127
12.640023
-62.583193
33.326776
27.321804
-40.427303
46.281798
-40.243575
-24.448629
18.412416
47.592050
57.335744
-58.235872
2.555438
43.965147
-5.701821
24.508924
-15.287880
-7.426452
42.273639
-52.694272
-26.089173
-21.757779
89.931243
-78.173275
48.769775
19.108851
-93.636828
119.665732
39.743732
-29.510040
-31.385552
65.358844
5.483195
30.036095
30.044045
1.450357
-57.953540
26.621407
-6.956935
-29.029153
10.534253
-61.529154
-19.406252
-77.528636
7.689782
-97.068872
45.525601
-22.558609
-44.343090
61.323243
-11.599287
-82.990159
-18.069801
-59.949000
-16.552154
-29.303223
-8.197065
53.202404
64.346084
-76.180216
-15.646481
-102.080045
20.008024
-104.128833
-3.094082
20.489477
-53.623793
42.240359
16.748518
32.813048
-25.036062
-52.831597
8.314986
80.327087
-25.270846
30.428074
-20.981651
-3.720910
-0.365633
30.409676
41.495916
-3.228899
27.962874
7.530902
37.613020
53.697436
3.188675
7.857771
66.261215
30.707077
-27.996327
-46.978904
29.270418
17.498075
33.164204
26.099965
61.733646
-9.873655
-64.853044
50.403132
-70.117444
-31.934331
71.125068
-59.377064
22.707539
-25.626019
-19.502897
15.113131
-46.902812
-52.423171
-43.870018
-109.293047
-20.498982
76.995119
130.078471
22.145657
37.493741
23.374262
52.939562
1.947889
79.267106
7.378731
16.298953
-72.237760
40.049873
60.771606
31.058958
-4.121717
4.415487
39.871659
-41.591330
-10.961789
-0.166716
-5.229659
-22.359168
22.211377
-0.038618
9.539743
-65.526523
41.275356
-0.285049
34.154916
17.521585
34.243254
24.617223
-15.571342
-44.758396
-17.249033
-77.784460
-11.346535
1.476399
-29.898689
5.090323
-72.373717
-29.855020
-18.883851
-45.811909
21.312087
89.641886
7.329158
-14.271383
-26.120307
13.821044
45.405768
-6.790634
-27.225592
-66.094021
-20.873028
53.103035
-35.061466
-71.978361
43.770404
45.736004
-12.737980
-14.898364
23.762598
46.328151
-25.092401
76.670597
59.060718
-17.697464
-4.177456
-8.062968
-19.217049
9.875536
48.673171
-31.204598
-52.661820
77.401725
-15.664019
17.946605
53.401471
-29.058941
-7.681535
10.847215
41.855859
-9.188027
92.427880
9.096553
44.150737
-21.463999
15.434726
36.655376
-39.338132
-32.134763
27.155704
32.412835
31.491681
-7.064741
-69.066921
-26.199817
29.300739
-15.018189
94.800825
-10.773029
-26.055707
-7.566201
11.271383
39.974856
-45.197763
-29.153110
-23.013628
65.293852
78.818173
5.469436
41.371872
-8.378476
-25.773721
53.586544
-71.030268
17.486758
-43.816278
-74.626198
66.312478
-28.019455
52.348514
144.038237
-50.504841
-7.472160
19.709476
45.908649
3.702953
-22.014449
-11.564467
-50.277608
12.845092
-14.298766
-90.032630
-9.966732
19.122959
21.901977
-37.280855
69.574271
56.522343
78.195334
-65.214330
-62.597029
-40.616868
38.570002
-77.867460
-1.229019
16.744730
28.946359
25.216718
-28.158114
3.553827
20.245230
106.321764
2.412261
-7.426529
-53.493376
11.707193
65.295269
-36.931564
-64.092512
38.783899
-40.707890
-37.324927
-38.895075
53.566983
13.586408
-19.270204
-27.248303
13.019347
-31.017232
-29.526080
28.980778
-41.201742
14.507629
-80.207532
41.408548
-30.994371
76.696556
-1.436821
-60.778903
17.792764
18.779369
61.362646
-20.328335
-76.358895
11.956506
-3.471070
-7.403072
-36.947045
5.731912
-82.022688
15.296334
-30.810574
-78.511526
46.694836
97.793872
7.698654
-13.406481
23.881667
44.092079
42.192183
-25.544238
-25.972592
-38.180907
-78.912534
1.734339
93.456851
29.776063
-36.038071
34.611872
3.983637
-35.030599
27.269908
-89.330564
-2.114459
-38.404659
104.547826
-16.071453
-29.290749
-7.731582
43.595408
53.694137
65.944722
-10.446464
-98.763029
-29.271160
-64.029628
-21.495969
-57.753748
16.051223
30.262066
68.387822
8.704072
25.195017
76.288911
-57.553794
-37.259084
11.593267
59.950553
-112.250441
36.309137
-4.323609
31.796662
-15.834059
70.094582
96.197671
13.285236
-14.777398
-44.432778
-4.615170
-59.000826
25.649834
1.599283
8.915285
15.702413
3.212092
-32.043078
-14.332238
4.612250
-31.945182
-29.144001
-89.239813
-29.685370
-11.703152
14.262138
48.532684
-74.317638
-9.821931
-77.016694
-37.571889
-8.027198
-13.483408
12.780068
-69.162982
-26.047779
39.053151
91.363000
-12.655556
87.234543
14.199156
34.439223
-3.659469
-40.136152
-15.506359
-16.283941
41.800556
57.173158
-26.953885
-57.595526
21.392461
23.347131
12.773251
-21.358928
-4.596967
99.792442
112.448102
49.392837
22.005683
0.209110
57.400360
-38.040042
28.797303
-36.671821
39.947511
-31.577209
44.318498
-36.857215
-8.596865
-66.189386
37.017963
2.909013
11.687127
-28.812440
55.193921
-71.231637
-28.376723
-44.573155
-37.423739
51.650832
-52.783615
-1.871219
67.452927
-6.139680
-12.273048
5.554443
-73.067814
5.346244
-30.768459
25.088151
-73.374977
6.570143
-7.327733
63.968743
37.112363
7.871951
55.957921
17.563505
85.304653
-74.790452
-6.309330
-13.584977
6.557330
-55.989424
-68.224228
16.054117
67.603095
72.709848
45.164238
-11.944220
21.726237
94.194308
-70.072072
11.890477
35.276133
53.012072
9.920255
72.405661
72.997942
-49.664250
-105.473260
-1.508631
24.426313
75.729321
-72.235710
-54.460867
-50.449568
-9.909119
35.594448
-5.036272
-59.815247
53.638093
43.716905
57.680564
2.804070
-68.314092
-19.493720
25.916497
114.452583
35.809290
86.850016
1.190258
29.189381
35.177131
-57.635524
-51.560859
12.864283
13.635490
38.683944
-49.673355
-56.850816
114.714030
69.986443
-104.798759
-28.607006
-38.338023
-21.855640
81.322076
96.719812
0.030211
46.828016
41.324873
37.573198
15.704977
-19.557253
18.692787
4.896186
-84.634060
-65.447716
0.458968
-11.635791
68.713773
-90.419881
-10.556086
65.167453
-73.055557
70.333526
45.012962
6.390021
-59.176506
-41.870542
71.983512
-46.424831
64.851940
13.987158
-49.601484
-43.443214
21.550876
-28.437704
72.498024
17.841956
-46.520375
8.232719
-65.484535
11.046318
-51.993640
-46.465807
31.173125
-12.348257
-10.893503
14.211056
32.780502
27.527233
-94.983642
-19.231580
-69.563659
-39.289518
-70.553126
-30.320973
-81.275481
-53.262190
-20.898278
-17.601484
19.144795
-8.164226
0.442530
5.225872
-40.066114
27.622948
33.484011
21.722457
26.833391
31.059460
15.118072
-4.112651
17.785946
-68.462845
18.782718
11.729814
15.773336
-5.227627
10.921246
-69.203564
20.584519
54.164473
12.278575
9.615100
-31.703331
-79.950984
-29.421407
34.137772
-34.762597
21.682319
26.265666
26.367087
-16.503162
36.078092
-24.661089
-35.683209
34.091642
50.101581
-36.055920
-2.643184
19.532054
-66.011140
-1.115303
13.827044
-34.521200
-15.580184
29.132970
13.706369
-15.814131
12.734146
-5.150690
-15.144259
-17.071584
11.715833
8.283374
29.348282
1.022017
12.264518
2.866945
7.355272
28.995649
-4.374559
11.556228
45.419699
-10.878021
-9.574346
8.387003
-37.835150
9.492898
-48.812616
-17.981762
10.469651
-3.161088
-8.499785
4.170350
8.273304
4.889199
-7.549190
-33.118056
9.254906
-18.706834
8.851435
11.448910
-3.956969
-8.497855
8.863155
-2.143768
1.308806
-20.700832
9.637312
-28.644744
18.096955
-4.150583
-11.138497
-11.061852
-11.806044
13.142639
0.943975
6.597571
1.201118
-9.942479
-1.206779
-11.839797
0.055552
-14.529789
-15.803901
-10.107594
-3.236343
22.775505
1.582587
-2.725560
0.068231
-4.713390
2.849614
2.833944
5.227054
2.206416
-1.668905
-8.986729
-3.825957
-7.999282
-5.900916
-3.309305
4.140559
-10.540000
-9.551906
4.083128
3.523221
-8.288602
2.087297
-2.741490
5.488526
-8.949191
-4.122892
5.469400
4.179352
3.255180
-3.226117
-10.537516
1.577836
6.538099
-5.507656
1.127532
0.814763
-6.962557
-5.144138
0.785823
-1.818203
-5.250219
1.908497
5.085439
-5.074675
3.691357
-0.250098
3.653616
-7.644188
2.341369
1.794604
-6.487931
-4.338914
7.129737
-6.258065
4.141130
1.855970
1.263658
-0.338692
-3.781799
0.871536
-4.526915
1.689760
4.615505
1.636894
-0.408395
1.912992
-2.717245
0.810048
0.559359
-0.171831
1.633736
-1.270658
0.277674
-0.051387
3.345870
4.525013
5.613621
-2.976841
-1.655206
-1.639716
1.139490
-2.209046
-0.377273
-3.492945
5.779080
-1.439963
0.245488
4.964574
-1.165892
2.543919
0.707861
1.862055
0.298282
1.227533
-1.557082
1.142996
-0.007809
0.938408
0.181901
1.407063
-0.166153
2.087980
-0.822185
0.193604
1.638415
2.999563
-0.061541
2.690940
-1.306631
0.335694
0.644758
2.192740
1.739659
0.873708
2.303031
1.982510
0.266230
0.332408
1.952976
1.591080
0.971177
0.152512
0.816940
0.965437
0.075679
1.710830
2.545682
0.758449
0.730053
1.107204
1.373265
1.218876
1.468066
1.449592
1.057688
1.345089
1.219897
1.281722
1.238000
1.375446
1.454756
1.559901
1.605104
1.531786
1.197700
1.395073
1.315900
1.312579
1.362923
1.388403
1.385833
1.409532
1.431217
1.445331
1.344004
1.424146
1.409941
1.414569
1.347473
1.733960
1.677662
1.462810
1.457879
1.634915
1.337930
0.971326
1.624054
1.413431
1.657754
1.513075
1.792945
2.044212
1.814248
1.494975
1.455476
1.408609
2.139778
1.377393
1.362704
1.791306
1.156680
1.522773
1.602150
1.861012
2.307416
2.410898
2.233633
2.469626
1.636547
1.981462
1.768816
2.177996
2.269019
1.654597
1.487598
1.910767
2.092041
2.441122
3.109469
1.592269
0.834931
1.816919
2.864314
1.180688
1.333800
1.053593
1.190282
1.927494
1.072995
1.441281
2.101920
1.814264
3.204738
2.565293
1.967466
2.823491
2.296237
2.503281
2.079948
2.195753
1.056293
2.864853
1.550435
1.866182
3.184678
2.364638
2.154388
1.773841
1.829870
1.868475
1.347612
1.725553
3.240529
2.168892
2.202845
0.350980
2.275290
1.807591
2.163653
1.477215
3.069634
1.910263
2.843399
2.552316
2.434561
1.172451
1.502167
2.025404
2.557937
1.714385
2.471516
1.782706
2.476419
1.862764
1.578520
2.517438
2.568340
1.224352
2.864494
1.523246
2.838387
1.114682
2.134943
2.144711
1.664985
2.556865
2.829458
2.042172
2.034482
2.795283
1.833471
2.756858
2.622820
2.686708
2.333522
2.221583
2.280884
2.962490
1.994368
2.868242
3.136403
2.575294
2.178965
2.443785
2.321050
2.235583
2.428947
2.498954
2.447462
2.517566
2.480763
2.520853
2.501643
2.493893
1.985942
2.453251
2.615438
2.372633
2.535474
2.609254
2.421757
2.555656
2.145518
2.314796
2.427661
2.534737
2.446722
2.263072
2.584447
2.334862
2.570692
2.155270
2.681933
2.458883
2.565371
2.608433
2.390303
2.479900
2.527102
2.560056
2.654666
2.601608
2.531818
2.553266
2.605989
2.554258
2.541389
2.575045
2.575137
2.572613
2.586724
2.589592
2.582974
2.524571
2.580758
2.669111
2.633239
2.674999
2.618931
2.455470
2.485848
2.704921
2.606885
2.579429
2.488465
2.552820
2.653128
2.595885
2.680700
2.513136
2.436091
2.751672
2.448076
2.548931
2.550143
2.683298
2.945103
2.312828
2.662646
2.846462
2.795095
2.714573
2.772291
2.819741
2.740283
2.476405
2.123505
2.657922
2.298876
2.296863
3.200494
2.218283
2.127445
2.791031
2.662584
3.008647
2.471773
2.453362
2.840435
2.903345
2.070925
3.340191
2.619442
3.434940
2.232316
2.918326
2.625575
2.181326
3.045757
2.695611
2.888242
2.905059
2.027527
3.655998
2.812580
2.449900
2.183392
2.838923
1.832288
3.049209
2.927862
2.396128
2.124221
2.824723
2.082776
1.846355
3.351797
2.978587
2.756263
3.212609
3.177727
2.948830
2.392292
3.070225
3.564638
2.143680
2.748610
2.862180
2.791527
3.402485
2.668538
2.115651
2.620775
2.418947
3.109869
2.178440
3.820726
2.698643
2.760195
2.345877
2.021743
1.847489
2.368428
2.068103
3.361713
2.913967
2.763224
2.490997
2.302166
2.841420
2.192770
1.594739
2.124490
2.708792
2.863859
2.588599
2.807075
2.042867
2.493498
2.843281
2.386652
3.770347
2.477728
2.652934
2.467091
3.122132
1.945576
2.495837
2.741925
2.066752
2.412317
2.496160
2.259343
1.832988
2.160115
3.146307
3.024995
2.691104
3.289168
2.258237
2.379583
2.963736
2.765367
2.436693
2.328666
2.815219
2.424767
3.241307
2.027341
3.248247
3.262965
2.576000
3.080140
3.025755
2.523952
2.402750
2.284556
2.695467
2.398674
2.700446
2.706671
2.484228
2.591379
2.328789
2.576542
2.628955
2.617946
2.607067
2.553024
2.553876
2.557905
2.585328
2.451078
2.500483
2.519740
2.551628
2.611353
2.505840
2.761766
2.582315
2.485974
2.241363
2.534818
2.376963
2.541067
2.995769
1.938622
2.602018
2.272392
2.314300
2.750092
2.810911
2.094807
3.689866
1.996217
1.759509
3.650939
2.409847
2.797168
2.019037
2.895744
3.039345
2.165922
3.245035
1.551419
4.812055
0.972194
1.524877
2.138381
-1.731100
4.088229
0.812351
3.986417
-0.571121
3.722897
1.076310
2.357302
2.963850
3.784791
4.032210
1.287362
3.084213
3.031709
5.636462
0.095423
1.699646
3.205206
4.166488
0.007470
0.160322
1.160637
3.427374
1.537108
3.070227
3.453737
2.876360
2.167711
3.073022
3.537381
4.380055
-3.541197
-2.791335
7.970032
6.084861
5.592765
1.688721
3.114815
2.189716
1.822521
1.612988
2.757926
2.870225
1.953824
4.794645
2.435518
4.878568
3.417554
-1.600832
2.312315
3.971991
-0.223666
-3.645137
-2.138227
5.067608
-2.943621
5.027846
1.933176
8.979353
16.221157
-4.250107
6.905663
-8.141484
3.684091
2.901809
7.486661
-8.241780
5.743322
3.978027
-5.173671
12.060941
4.225687
-4.119392
-6.359835
4.595408
8.740375
-2.235550
6.627780
4.028773
-1.470647
7.097237
10.963077
-4.185560
0.541056
-15.480395
0.654298
0.573762
-11.362370
-11.552924
0.253070
5.000257
7.266970
13.525389
9.050821
-12.589490
3.156452
20.369967
4.886150
25.759367
4.667622
-1.616599
0.465834
5.971499
-3.526732
3.090926
6.457861
6.120429
4.223561
-26.053714
12.745601
7.694471
13.306581
14.398886
-3.222397
0.221398
-14.342390
17.994182
-3.180446
-0.292683
8.413732
4.029067
30.086984
10.347888
21.890455
19.924078
-4.686390
-12.176516
-10.547350
-6.349576
13.893968
-21.440500
-26.115541
14.761227
-38.537725
-8.250757
-34.529237
13.342094
7.142506
-13.256429
-6.179948
-36.623687
-28.283488
15.825040
16.337200
-20.450471
-10.999948
3.420003
-7.765582
-1.490225
-2.053669
-3.594033
-3.282564
-19.202791
-6.026890
-20.654492
47.090004
39.511729
23.646217
11.045738
-9.183397
27.592829
36.382229
29.200011
54.952557
7.017650
-4.205168
-38.136831
-54.121463
6.102130
-5.318413
17.434525
-3.966577
31.938745
3.142203
-0.623249
9.483196
23.767574
-2.789222
26.670129
14.854337
8.604794
106.771249
5.599808
22.392334
10.609675
-56.294433
2.611406
-20.547034
10.563992
5.987721
4.776057
26.186237
-20.350606
13.819343
2.239410
-38.463458
16.734858
-49.923530
-25.193261
32.712915
24.227529
10.252551
7.988568
-13.370760
7.705669
2.461418
12.845086
-20.375492
42.434905
10.668529
26.081480
-29.075088
21.133986
-11.987463
34.720666
-19.853831
-11.657847
37.050337
25.669315
46.442207
3.519732
-16.619395
-17.808034
-28.097690
-9.412864
-95.308066
-92.877732
101.302249
-77.163535
-12.752882
0.557836
-75.513922
0.974879
-38.694085
58.506794
-61.413962
-24.281091
7.622760
47.635937
-42.509266
81.789837
-13.264983
37.029249
26.137796
-78.922580
27.869273
-64.464233
23.170693
-27.810419
27.781986
-51.705020
3.552304
41.423707
26.770224
61.855475
62.288532
21.184603
-46.125250
33.931992
35.133276
-103.262121
12.655309
58.783356
-69.914036
32.528908
35.755170
-10.721093
-9.737917
25.095460
-3.092548
17.982868
0.149111
-28.925255
-22.575127
12.870768
-9.255993
85.601921
44.825683
129.327647
56.774775
-12.918961
8.198245
42.733136
-1.676591
44.125354
-77.044359
-88.323808
-35.927048
40.460536
-150.353599
8.580467
28.598300
82.184482
-69.854557
-23.031431
59.314508
-35.499912
-40.042777
37.615023
-22.557774
-59.504469
78.214239
-28.089602
-66.625075
-97.199808
-19.073872
-14.199956
-50.879889
-12.121173
25.588276
20.638166
47.848152
51.776665
-0.379093
-11.061319
-67.469002
-42.075279
-32.088762
43.661101
5.434159
-8.973365
-28.499439
-26.981148
15.276776
67.113389
-59.209177
42.549953
35.740301
23.588673
37.616032
145.911767
-74.216010
-50.169089
-33.315822
-68.464550
-0.360554
-8.968645
-25.260520
-29.424170
62.673582
-5.564703
69.321399
-63.449382
-111.233400
-8.638001
-6.364246
37.732428
7.591350
-5.941752
-69.637745
-34.378924
-10.582885
-79.640238
-61.429519
-104.233885
-11.353025
71.103493
-51.448688
5.495245
31.726591
-6.618854
62.491321
-16.832034
-29.714879
-57.144353
-153.660047
41.457536
-10.128272
-31.798002
-67.377814
-117.600799
-61.277314
28.510057
15.940105
-73.928649
64.931676
27.560509
98.457386
-61.451122
78.188163
-73.800355
6.867397
4.034196
55.075987
-2.525109
26.737546
143.964125
-49.667121
104.956002
-6.642688
-22.300262
-54.811864
0.769246
-47.143176
-58.046089
-65.181963
-46.437958
-30.884344
-144.826587
19.413313
-77.934424
28.705739
14.882286
17.906621
45.555829
31.240267
-32.728824
-50.178557
-39.433290
23.170960
-74.244672
9.867564
48.535984
-36.817970
-8.846383
6.538790
-45.956621
-55.295400
81.359141
-23.043235
-11.854708
-71.545148
-110.135848
21.952351
62.481614
21.644509
-122.356065
-31.311459
17.296865
-44.760318
-76.914217
17.283192
-6.163266
-17.717183
-39.339277
-25.965043
-26.463030
13.541883
-25.098278
-65.816457
32.139049
-16.477877
-97.183422
5.414727
-20.236885
-35.047287
19.563365
-125.190452
-65.516093
-45.542717
20.570938
-28.600922
-39.139514
-59.787335
-29.642356
-36.453705
0.372859
-95.118263
44.365411
30.679554
6.214658
58.599058
17.025908
53.811406
49.799040
8.809081
-1.968738
61.708590
10.622520
9.695621
-12.122667
-66.022104
-65.207185
31.314431
-15.118498
53.959135
-29.567354
36.975493
-24.500366
35.103526
-50.072172
94.991437
56.056869
18.961012
-0.539545
-41.672623
-95.771342
37.130715
-6.592137
35.339168
-65.834235
-41.014203
-18.799281
-57.033986
-11.947766
31.439306
4.725316
19.095653
-43.551244
102.139577
41.685209
77.414293
-3.311549
14.367849
-9.815699
19.975538
-66.260655
-14.863335
13.435972
-54.478730
46.716982
-42.996189
-30.247811
16.702176
-2.128925
-1.229358
57.995074
19.867240
18.438134
-43.575865
-28.950231
47.513124
25.904191
-31.000683
-68.698062
-52.945536
-68.135191
-19.759546
-9.108231
2.001303
9.384060
1.366160
-66.191325
-18.638898
43.969092
-19.999950
-58.397159
-0.689830
-60.486224
-41.902987
38.885748
-71.152724
-72.051290
-34.415662
40.056721
44.031326
-71.224037
3.337958
35.393221
36.686540
51.088135
-134.234412
-40.684599
-2.000018
35.834021
9.684593
-90.948747
40.547137
-59.452847
-94.082454
-15.452076
29.893967
-50.792345
23.370300
-16.727317
-93.782363
-32.604396
-93.397776
40.183321
-30.276670
-81.782264
-29.627491
-38.719315
38.435284
-26.399287
32.856960
-53.952819
-18.417296
18.474983
-48.470561
38.055958
-30.122608
10.923967
-78.394042
-3.578571
-47.070018
-28.446993
-22.398120
-22.578012
43.625695
-5.618754
4.442480
-58.664467
-19.607553
-20.851453
-35.030753
77.991593
-46.557771
-39.874123
145.281526
8.837323
64.465509
-28.591784
1.251008
20.703904
-24.668134
-47.254627
-40.192424
43.716960
-58.310950
26.354803
-38.084163
-99.685806
66.073449
-3.029549
35.934636
-75.101350
-107.798648
26.294914
-25.138519
-19.899560
-2.936845
-2.152284
-120.023820
-21.289985
-27.711041
-29.954471
17.154693
-63.261241
-29.785116
-1.724933
-67.230725
-80.426594
-30.807819
41.647124
53.200568
26.171853
-6.086954
-73.775318
-38.028209
-44.345214
44.451195
91.832991
-55.437941
-2.406597
-16.908100
-43.949783
45.554284
-68.836088
-24.591634
11.152135
-12.867486
35.665269
-32.494167
-58.356178
37.320078
2.484609
-114.803842
-6.931341
-19.685667
9.242976
-66.192130
68.392010
-11.226072
-4.144031
18.155865
23.955529
-92.761610
-42.101427
-47.893543
-40.855982
32.680434
-113.151788
7.531551
-22.704937
-18.666252
-39.014536
-16.312270
7.202317
-10.540412
-26.208133
-30.230244
-43.319852
76.403570
22.462954
-22.841351
39.657738
-57.356117
-112.096740
-38.145805
72.632453
-65.668593
-21.070680
-53.327481
-31.417836
40.851442
-24.520387
-93.388248
38.675797
-85.372667
-24.019916
44.597207
-20.418864
-13.299367
14.106475
-81.070814
-27.250819
43.949990
-9.872968
-64.172377
8.559547
-99.901994
-14.941149
68.973536
11.696407
-69.655208
-21.051468
-31.739628
-12.778600
-47.618024
-39.941279
-87.228154
-82.302268
-70.902092
-16.638798
-12.429648
-49.139110
10.724498
22.887024
-48.611959
-6.781871
-42.832129
-21.573327
-65.716924
-94.768570
72.864907
37.271703
16.056248
1.964471
-0.125866
-16.937048
-7.202687
26.228434
12.154612
-50.429133
86.631338
34.893510
-4.991049
-44.845995
-44.717884
-23.319303
-67.716477
63.770368
-9.478322
-13.037144
-57.606139
-10.143744
8.450282
-36.713246
-13.006921
-47.553334
0.601616
-2.205596
-73.392653
62.027253
8.268121
-47.571682
48.802350
-47.990807
-5.588566
-99.900735
-14.577280
44.846397
30.966283
-95.424189
-14.818910
-19.040974
-121.405820
-38.966792
-28.308639
-0.842627
-26.304452
-57.490563
18.652344
61.342248
-30.556107
31.821660
5.109531
26.429618
-69.251151
-55.060611
-24.803692
-8.370678
-1.606214
27.410936
-65.775493
-2.012419
8.565633
-68.767816
-13.676247
23.518036
-79.621939
23.218437
19.794791
-67.900351
-57.851002
-45.158020
3.666589
42.399150
53.358974
58.047163
-77.078901
-28.883199
7.256622
-7.551457
-23.860461
-72.235669
1.663646
-52.600833
-3.928629
-96.329449
-5.404906
-73.344712
-73.714138
-34.271562
39.523153
-54.453643
-77.693940
-64.601778
-111.601441
6.939119
-47.826948
-32.769683
-39.528473
38.159230
-3.736216
-40.967040
10.699154
18.767386
-72.187218
-10.460387
84.257938
72.282602
-1.880511
-17.115204
-66.603087
85.282001
-2.260262
-32.442948
-81.051202
8.099034
-24.026030
-7.002199
30.208636
-24.038982
95.152002
97.423225
-13.583679
-52.407250
8.106631
-4.329994
-46.380767
15.588929
-77.200218
98.264690
40.973912
-62.349456
27.310817
-29.796740
26.136790
-53.379961
-85.447211
57.844314
110.712721
70.885423
-33.736347
28.297355
-43.447604
0.248460
2.786075
0.112497
-25.125125
32.017831
-29.057505
28.160833
104.495477
61.906928
-105.954727
-84.119346
-14.752870
44.394297
22.194751
77.450495
-66.681118
21.503503
57.633969
-35.591474
8.812164
-14.996407
-59.922454
-44.055479
34.180696
-31.401491
-42.944171
-10.085445
67.586355
-47.912829
-3.631674
-21.518010
-24.696888
-7.155993
-6.784682
67.487858
50.857661
47.723533
12.567980
-13.430555
-23.414025
-11.488513
70.104513
-24.101141
73.695045
3.702935
-4.946419
26.182198
-12.842752
3.423857
52.814550
-25.636727
-17.781335
14.245346
-26.513696
-7.035897
32.703797
38.675262
26.033309
-93.508280
-75.585489
-65.879046
17.828699
50.570966
37.121737
2.480669
69.223297
73.158496
-12.739790
50.500131
140.079430
-12.187516
-78.760087
-20.065899
-115.156921
-15.251854
-110.197503
27.035921
-18.306847
46.363622
-135.383086
-59.478872
32.432267
-92.517064
-4.944511
-49.817590
-3.333276
11.989103
-59.999915
-101.278959
42.910613
94.118832
-16.841436
-5.363263
33.503598
7.191728
-16.518267
-39.780467
-97.199435
37.877908
57.684398
-39.641916
51.348912
79.186684
-46.127613
18.647463
-108.664456
-51.668180
-13.485469
-16.133834
-121.388049
127.129066
-44.820195
4.781400
-60.513597
-10.479011
-52.271595
-39.586935
83.998563
35.253872
52.031904
-31.871212
0.420457
89.424068
0.673837
-5.206114
0.460691
26.808690
-46.185276
43.755128
-126.464389
2.210833
20.337366
22.589164
-7.784694
-52.517608
-88.201181
63.970981
46.598603
-19.854811
6.801250
-64.595013
-43.356858
-61.305849
-105.300464
-59.222464
23.069550
7.845696
39.145064
42.820651
-117.494802
-58.006179
-0.871871
-52.840840
24.804940
-24.199343
-46.312989
-122.214423
50.266064
-34.516398
25.102953
-30.540481
-26.923733
63.586124
-77.545597
22.175942
62.180429
-3.395459
-110.817829
-0.337238
-14.445670
-7.435964
58.306834
-1.937572
98.808757
60.724214
19.898502
-131.076958
48.211623
-19.747934
-57.121503
-75.086125
-44.892544
-7.447686
13.267858
149.492734
45.163049
10.192005
-58.710899
63.259620
-17.273665
22.441560
1.067006
37.717509
-2.928183
23.558459
-8.230846
-53.288248
51.103540
2.557606
-52.869241
91.234168
10.613248
7.383586
24.226873
30.462073
17.410646
-44.231174
117.473843
25.508834
68.125496
60.473368
32.700934
-16.639556
-32.175808
-11.132544
-72.839274
-23.119718
2.232951
34.071957
34.031250
52.035922
27.440557
111.929818
26.021359
19.619736
46.998397
-25.082097
46.428588
-74.788817
46.143819
8.344976
65.598477
90.976511
50.424102
166.002022
85.501203
65.591629
121.086339
198.102267
326.140099
