84.176078
24.335926
-3.839912
-9.755128
-36.578058
28.789005
-37.215593
46.733836
-103.946043
-74.385937
-53.116103
6.412978
34.756015
40.448119
-118.842367
-71.271951
106.361816
73.053628
95.586493
47.119928
-66.549114
78.339513
16.120439
-28.263331
130.259033
60.676072
49.076430
54.131638
-48.938032
6.044195
-110.324788
-20.022440
26.060697
-38.865878
-75.428976
0.324674
34.381512
85.575646
-149.320124
93.985253
65.055780
95.011868
-12.740011
46.026860
-6.776658
-60.531757
65.016320
-21.223290
9.965119
3.028399
-157.056581
-24.413549
44.705301
-27.733163
-5.437229
-13.114022
37.604095
-29.193120
48.884063
75.188362
-31.605084
-18.255369
122.042579
85.245042
3.966387
24.871173
31.867196
56.964172
-0.731749
102.232673
81.007134
45.485844
39.744561
-4.214848
-39.609507
32.314757
18.176788
51.140513
28.388337
-35.527378
12.640949
11.362043
76.834039
-10.415850
14.398876
-21.655438
-89.362156
-44.398393
-48.528087
-16.060605
37.654547
-35.222968
-38.520109
27.410807
-69.522356
-20.770692
49.481449
-70.601983
-8.436482
40.428485
51.530371
-28.350590
40.372852
20.099920
-58.298083
-0.729817
-3.794991
51.490088
-30.060979
66.377392
-56.896036
-25.207652
6.022713
-77.579840
-15.702295
-83.651223
87.194122
27.779481
-133.868287
109.792185
-23.542312
-28.429076
-51.630662
-49.822709
-1.578027
79.450174
0.492136
-0.096470
-5.289994
-47.373717
-68.884077
-103.002911
-79.401157
-52.631736
-70.857759
-47.165042
64.324004
32.768681
9.063276
2.089418
17.967132
39.288329
64.895863
74.407086
-53.444100
53.402808
46.712541
10.059353
-64.971232
16.939740
-2.950216
-91.614549
63.027717
51.100676
-85.787011
-60.365034
36.952119
-57.190677
-1.205701
-18.873925
-47.211931
11.046906
50.978710
88.996021
-31.935322
-78.810179
-18.435684
-39.875987
40.531749
-45.881992
-31.812859
31.051972
-14.939739
36.502370
-18.167606
-63.605819
54.428541
4.308984
-37.667145
15.495061
-13.749543
-38.911732
-70.490107
72.787670
-9.113151
-43.300546
-88.152200
-19.736721
-6.768699
-113.017984
-78.908453
32.462246
-25.344659
-14.715906
-2.316142
19.765760
-43.751201
-6.806035
0.979503
8.829952
111.564957
-13.968341
-10.395570
3.167243
-27.355043
27.667678
11.923661
-48.309430
24.097798
-29.645251
-54.190400
44.239409
15.340988
-66.276026
41.342870
45.799121
6.253407
-24.473712
107.014151
-51.026392
32.779412
-59.414790
-65.637797
2.847399
-63.845787
2.452127
-34.068516
-16.001349
-2.965734
-49.333183
-17.924750
5.470848
-76.110791
17.643233
37.086775
26.158647
5.902785
-27.622540
103.145309
-14.377548
3.344969
-48.575889
-46.773248
-11.430254
-20.391169
-1.753291
-6.259899
-40.671597
73.638965
-31.442653
38.952714
-107.011351
110.586379
-20.260188
-9.229892
41.890469
64.209201
64.728822
-28.586310
-24.584377
50.635349
16.284271
-26.067667
-5.703062
40.694949
21.787130
33.241539
63.708241
51.448510
7.595448
43.635948
-99.727729
116.325655
23.038992
6.967438
-26.495750
-27.829103
-14.929774
5.452365
25.281358
-20.761299
15.477917
9.823601
-1.428332
-12.206981
33.400682
44.598921
18.329190
0.241338
-54.908897
-24.470314
-2.137669
0.245025
-83.984204
96.576165
30.745030
3.389660
65.333019
19.054017
10.940090
22.665642
12.504099
83.496175
-125.136923
9.095158
-17.724038
-8.163112
29.557153
84.515243
56.597824
-26.267344
66.774919
9.052291
13.215413
-54.924842
-11.809528
58.614086
-2.674271
21.087018
7.864264
59.895439
5.105287
9.773811
46.010725
-88.165629
47.106966
-57.580661
-15.541903
-83.642092
43.516793
20.839211
13.819610
-98.293578
42.036125
36.794473
-37.389356
-101.720278
80.279531
14.696510
32.367742
22.260976
-17.562478
1.312471
-52.357736
-23.329553
59.630695
21.516642
0.610187
-45.860712
44.723846
-23.821542
-6.989433
-43.996987
43.782001
82.551506
4.638971
14.067794
59.079630
70.862732
26.470903
-130.345089
-5.164129
53.973883
-15.134318
-50.403416
38.331121
5.941741
-3.961065
-56.941090
-16.052373
-12.480594
-42.846470
-21.672932
-12.311371
26.876056
62.080172
-31.827644
-40.723260
-49.618565
-46.275622
-34.049613
-133.907465
51.531418
1.009993
-37.149477
-5.905084
53.038883
104.811186
42.986276
18.179295
-28.881707
34.305938
-46.318506
19.351437
87.245471
-31.059843
-35.879835
99.680130
6.257897
3.642379
24.642009
-2.726740
-71.223705
60.755213
60.512165
-24.329933
-51.482083
-23.090740
-14.267151
-12.640905
-36.011682
24.808797
72.653739
44.233438
8.875724
13.995402
-5.753569
-26.889251
23.593466
-86.590748
98.722374
14.849133
-27.550961
-34.462495
-17.495159
-23.278799
174.729848
-147.596466
119.589818
-43.033820
26.703917
-19.480756
-109.951993
-42.719161
54.902206
18.375010
9.775312
85.375612
-97.126651
-128.299545
28.507882
-56.741693
-1.051558
-11.190938
32.953051
28.069112
-73.112950
-11.431515
-117.128836
-51.381393
94.792417
55.142434
0.754766
17.008390
25.739220
-39.697519
-25.116533
15.095445
-18.462210
50.619482
48.619967
-49.967646
-71.311185
-31.249992
54.933663
26.249046
-27.109863
-6.565236
29.257015
4.896806
44.254087
-42.748468
-2.984993
10.307383
42.314734
111.764398
33.430104
-93.176021
-7.924155
17.290612
-95.994940
-28.793484
-82.583689
-75.041156
-5.676965
19.123942
15.336105
-48.524066
-70.933301
-4.284484
29.250322
23.733359
-21.962823
35.749583
94.192716
54.095094
-32.493632
-22.917784
27.400814
-53.470556
14.971563
-6.368267
-39.695405
-88.081981
-45.926322
9.910581
84.879612
26.225127
29.569907
49.397495
60.394469
25.826766
12.353334
-19.826396
-80.692499
41.291920
-43.498917
-28.963100
-3.442130
-33.300658
9.804936
96.589772
2.417962
38.458183
44.888793
-19.611042
21.394351
-51.652109
10.073380
55.632675
-107.087689
18.281515
10.590286
-44.019085
-23.795376
-83.805361
40.752502
-74.312697
-159.590498
-26.878354
-24.742627
27.852044
34.479848
27.490358
76.771777
-127.313878
33.493640
62.293212
24.816329
-1.584096
-9.890760
-56.790873
-13.769447
-12.342753
-13.341668
-34.413792
53.192475
-0.144035
-2.901921
39.874567
-100.186604
93.626798
2.937759
45.976809
15.433209
-36.256700
45.359831
3.141808
1.365681
50.793334
63.495469
-65.984254
-31.345067
-60.603284
-80.053848
-136.071687
19.037972
90.723472
-87.160622
19.337041
-47.164703
82.275948
-41.136889
-40.052166
95.353624
-2.833035
43.062810
0.796181
38.904618
99.818347
13.211840
68.546445
-53.581257
-67.773367
43.436192
-6.952469
76.287128
-103.545346
51.534128
-36.855340
-33.635829
-69.228507
-48.156861
86.242536
41.227305
38.944397
84.213087
-43.712952
7.135881
20.982560
-27.076981
27.634586
-44.580269
17.924146
47.632127
53.512947
-48.015813
-52.230376
-10.283765
30.975802
61.251660
-4.716874
41.446224
-67.403030
-62.512155
1.368577
-42.742563
2.283420
37.051720
-66.531407
55.996284
-21.060948
-89.901178
-46.482793
43.431766
14.659173
-34.832223
-100.842876
-60.467505
94.564563
-31.773916
97.598639
-12.221248
-31.652126
65.949371
-13.692010
-41.408762
63.433647
0.087478
16.307203
18.182344
26.742289
-12.149467
-15.030652
-20.718827
-0.326551
71.982747
35.904694
-6.160650
44.844125
23.784838
58.115832
-16.096884
6.605035
-61.027800
-9.040374
34.080837
-35.368566
28.520156
1.154155
-12.119938
-21.136183
50.847749
58.094153
24.634421
-28.938975
-34.792318
-28.202374
6.581021
-65.634844
47.071433
-30.142289
52.703626
-77.157215
68.340174
-39.991160
27.399908
-5.172155
72.950851
-6.024823
69.693405
19.972323
-115.050946
-86.121428
-13.543421
44.064967
-18.262998
-11.912847
-15.098496
-25.547866
-38.511740
56.030435
-10.862688
-61.533301
21.883448
-13.884881
38.174187
-14.486851
-128.192240
-11.906218
-21.996174
29.881695
147.589639
8.573978
-33.443209
-46.693521
-74.858533
65.039529
-61.908883
104.962204
16.661439
-109.540973
3.941309
-79.558607
13.727147
14.008915
-9.639374
-17.583025
-68.476610
6.043667
59.916531
-9.472957
49.974910
65.453510
-19.065190
-103.045739
6.117451
58.848692
12.528939
24.780546
-82.985201
58.727249
-65.128189
14.021599
-1.819018
-9.955492
-12.508816
40.097885
-65.031016
27.863985
-109.525755
1.865217
16.502496
-73.816630
-32.636333
-65.940865
64.735565
-29.713455
44.543438
-18.002444
-61.354093
27.762149
-38.479407
79.320476
54.505304
37.710276
-64.954595
12.774365
-0.147769
2.209353
-35.546091
-36.665422
9.226763
-2.238367
33.092422
-86.109570
-49.431749
22.271022
-77.973383
66.624980
-25.820432
-6.757263
52.752386
41.604693
11.639521
98.615148
105.593050
-3.488839
-51.367009
-27.756973
-97.849094
-42.900423
-2.849528
54.574226
77.536924
-54.466432
35.895740
-3.231047
2.576828
-16.489795
46.592273
-74.733500
24.860001
71.701001
-14.957773
-21.452452
92.562587
-15.191144
65.546500
-37.933381
-45.021778
36.837116
-82.369913
-81.307297
73.974681
3.040496
-56.328819
53.824107
115.473890
34.977154
34.912715
38.354508
-87.934164
9.549774
13.255027
-107.395764
56.954019
10.811319
28.211107
-96.678885
14.844072
22.255152
68.176859
-42.685097
77.486197
17.890516
-41.595473
20.953468
-12.238526
-18.495823
32.501181
-1.809524
1.816261
66.449781
31.275001
109.318024
-43.222905
19.499659
-25.018445
-96.594222
-29.620839
-9.719913
-8.543528
109.327258
-1.634052
83.520803
-105.168913
24.364147
-26.575635
31.250051
45.167141
-2.980305
33.172688
140.908457
-8.713169
92.224680
26.641072
38.946370
-16.233918
60.709593
-13.588738
-65.829189
-26.598105
-122.309334
55.602370
61.869198
28.720426
84.062034
60.515293
5.526038
-3.563471
-53.121137
24.185918
51.177957
-76.026441
-2.038240
-11.362678
79.309639
-38.971674
-42.779659
56.485840
45.092123
-35.685460
7.900970
29.768415
-51.115057
40.116137
18.834207
-70.669649
-51.039381
-17.988054
16.535631
61.016505
-14.441831
4.925878
15.950021
53.167950
16.072953
-58.908147
0.485998
41.260477
-0.274382
-133.277402
-72.655356
87.141415
-1.346359
8.438619
-27.339608
-34.389160
-28.158083
5.046911
-92.964808
-4.383919
8.370788
-8.360229
93.493744
45.600476
1.715616
-24.161276
-70.401776
51.338811
70.495257
47.163944
25.496333
-59.960827
6.754058
29.163405
18.227393
-4.345192
89.425420
66.855932
-1.621121
-22.789646
-65.555496
41.085938
65.558166
-67.314132
55.911747
0.244447
-12.060836
-12.110921
30.003664
-48.860693
11.511323
-23.470594
-53.929691
-26.179165
-3.035125
-13.574666
48.589746
76.314940
25.394308
26.223846
-22.558439
7.014210
17.728665
-17.671827
-2.532756
4.992600
-36.861281
14.776527
6.612009
-17.401818
4.142242
3.338325
-18.854018
24.519723
26.475964
-24.352360
-6.393635
-21.152548
-10.665996
-18.836673
7.766136
-27.971353
14.644911
4.253668
36.627689
-20.334000
10.888980
1.922629
-10.682611
-15.766986
9.086310
12.272419
-10.832175
-10.836236
3.427321
-56.618737
20.344867
9.814400
-2.515911
-6.872011
28.400193
-4.119648
6.806241
0.895367
12.067584
-12.214914
1.072145
-21.099075
6.491392
-0.630814
0.036650
-0.894549
-0.796790
1.078304
-2.068794
0.426679
6.648517
6.817960
4.426814
-0.932415
2.231685
-6.739059
-6.869204
0.107599
1.943346
2.274792
-22.970116
1.989530
2.974145
4.824110
-3.687271
-2.622190
-12.316077
-5.364178
-5.922493
6.651484
5.818222
-5.195731
7.086112
-3.022991
-4.437052
1.144712
4.458027
2.707146
-1.393534
3.771035
-5.311440
3.115306
12.572261
-6.128190
-1.638605
2.346076
1.210862
-4.796241
2.464530
2.306255
6.159050
1.122855
-5.433531
-9.323488
-1.218150
6.774685
4.158851
-3.886407
2.606764
-2.744112
0.404928
5.241956
-0.611779
1.237137
-3.173379
-3.454838
-5.519896
1.186335
-3.597734
0.051129
4.310486
-3.863436
-2.213614
-3.150001
-1.474633
-0.624081
-3.127330
-6.246374
-7.133401
2.853801
1.447101
0.468253
-0.791923
-4.322252
-0.203855
-2.573238
-1.516954
-1.344101
-4.742113
-2.376572
0.934674
3.856024
1.191147
-2.827866
-1.653828
-2.578732
-0.942237
-0.485256
-0.669081
-1.059533
-2.710396
-0.764558
0.752366
-1.000834
-1.697369
-0.481986
-1.030786
-2.139894
-1.887455
-3.916506
-0.978773
-2.519732
-1.994652
-2.728449
-0.696767
0.360798
0.035916
-0.924273
-0.953531
-0.554415
-0.863266
-1.806738
-0.471357
-2.400819
-0.734758
-1.833277
-0.658582
-1.295850
-1.403477
-1.184486
-2.081637
-1.667461
-2.394693
-1.839045
-1.572354
-1.659685
-1.105234
-1.684067
-1.317552
-1.688751
-1.398752
-1.505108
-1.793007
-1.254376
-1.372759
-1.726665
-1.585124
-1.397897
-1.464717
-1.514947
-1.526260
-1.524446
-1.519103
-1.519859
-1.565226
-1.548813
-1.525715
-1.587227
-1.341051
-1.562738
-1.397003
-1.645748
-1.285914
-1.431125
-1.528612
-1.418870
-1.388394
-1.715894
-1.143253
-1.493796
-1.619534
-1.756308
-1.484151
-1.499774
-1.161645
-1.507509
-1.632048
-1.582356
-2.471066
-1.683946
-1.591194
-1.584074
-1.577164
-1.711489
-1.820872
-1.544967
-1.399488
-1.683977
-1.584516
-1.302341
-1.668248
-1.951887
-1.788040
-1.551431
-1.073826
-2.496130
-1.556337
-1.881191
-1.819103
-1.049551
-1.038241
-2.073198
-1.142346
-0.011649
-0.867588
-1.530525
-2.122424
-1.888416
-1.893995
-1.840162
-1.713226
-0.705235
-1.994368
-2.387092
-1.357499
-0.958381
-1.285319
-2.192878
-1.985875
-1.797586
-1.285857
-1.247050
-1.711110
-1.785601
-1.104398
-0.667363
-2.211605
-0.992408
-2.307998
-2.061642
-2.270812
-2.498283
-2.231643
-1.684120
-1.858428
-2.141228
-1.200774
-1.709627
-1.282364
-1.463624
-1.529725
-1.361266
-1.834716
-2.651236
-2.053463
-1.465314
-1.726497
-2.212330
-0.872009
-1.830409
-0.789461
-1.743491
-1.045786
-1.474769
-1.531523
-1.881076
-1.390807
-1.898663
-1.171226
-1.014111
-2.443664
-1.432063
-1.831907
-1.765341
-1.992310
-2.111547
-1.417640
-1.958861
-1.964366
-1.481953
-1.822141
-1.770465
-1.385393
-2.063450
-2.381288
-2.173292
-1.769727
-2.257800
-1.784638
-1.501800
-2.127404
-1.926010
-1.913385
-1.528287
-1.822320
-1.314300
-1.833297
-2.069164
-1.930415
-1.530141
-2.070795
-1.949653
-1.933016
-1.750705
-1.640566
-1.767858
-1.553562
-1.772853
-1.756991
-1.852802
-1.692911
-1.817602
-1.730518
-2.144344
-2.043668
-1.890392
-1.733867
-1.889317
-1.792474
-1.834080
-1.690122
-1.834088
-1.660902
-1.691100
-1.844841
-1.916998
-1.822034
-1.797229
-1.752120
-1.821522
-1.776566
-1.761959
-1.796689
-1.797510
-1.796804
-1.811923
-1.828656
-1.796659
-1.840587
-1.800474
-1.707974
-1.762470
-1.872781
-1.832793
-1.813739
-1.882088
-1.726080
-1.713412
-1.660460
-2.149305
-1.689589
-1.792297
-1.624352
-1.815465
-1.866372
-1.933529
-1.617748
-1.842866
-1.436536
-1.764892
-1.490148
-1.996755
-2.162622
-1.597039
-2.074355
-1.693458
-2.302573
-1.926196
-2.024135
-1.927141
-2.190534
-1.716104
-1.670660
-1.973761
-1.567043
-1.668360
-1.356250
-1.944769
-1.347734
-1.732386
-2.027061
-1.430195
-1.191705
-2.018094
-2.136738
-1.789246
-1.446630
-1.793437
-1.513408
-1.860219
-2.335253
-1.949859
-1.416843
-2.273479
-1.818571
-2.577066
-1.877220
-1.040726
-1.584219
-0.850621
-2.575769
-1.806007
-1.994569
-1.339273
-1.776927
-2.088066
-1.245086
-1.606295
-2.481763
-2.207131
-1.683876
-1.670155
-1.787750
-1.631642
-1.727822
-3.151348
-1.936246
-1.458877
-1.798306
-1.469351
-2.605041
-1.369411
-1.068995
-1.874572
-1.726801
-1.727588
-2.166320
-1.549854
-1.547748
-1.775130
-1.490809
-1.978641
-2.100920
-2.216224
-2.702431
-2.052322
-2.572534
-1.041114
-1.885512
-1.383297
-1.878171
-3.030602
-1.985716
-1.817959
-1.574499
-1.781284
-2.457683
-2.985651
-0.837180
-1.459304
-1.972412
-1.500752
-2.967332
-2.016372
-1.850383
-1.512414
-1.049658
-2.364601
-1.616080
-1.921774
-1.402319
-2.271736
-2.502115
-2.458337
-1.860103
-1.570424
-1.669721
-2.087083
-1.895826
-1.551063
-1.354431
-1.907187
-2.090457
-1.411113
-1.238579
-2.355695
-1.813110
-1.593879
-1.586611
-1.977561
-2.026499
-2.282268
-1.422540
-1.517194
-1.595542
-1.782377
-1.664824
-1.974728
-1.747664
-1.841648
-1.780009
-1.381066
-2.338866
-1.887435
-2.204580
-1.797401
-1.990224
-1.354022
-1.689172
-1.315338
-1.547131
-1.904416
-1.777940
-1.783544
-1.863121
-1.751774
-1.611086
-1.707939
-1.776913
-1.743541
-1.750549
-1.745777
-1.782873
-1.756387
-1.758317
-1.787470
-1.766815
-1.831228
-1.777005
-1.733740
-1.847286
-1.946586
-1.494786
-1.669514
-2.026535
-2.010872
-1.727149
-1.552424
-1.023109
-2.099213
-1.309682
-1.143178
-1.495848
-1.389149
-1.584707
-1.337843
-2.645684
-1.447974
-1.467993
-1.511582
-0.870777
-2.353597
-1.821855
-3.579688
-2.108544
-2.721927
-1.872265
-2.091628
-1.705599
-0.803523
-0.644842
-1.900096
0.099041
-3.002887
-2.280795
-1.597652
-5.235156
-1.520306
-3.139559
-0.269699
-0.332551
-3.913651
-1.920591
-3.060309
-2.435017
-0.058270
-4.109869
-2.572500
-5.923684
-1.758503
-1.302130
-0.542492
1.341322
0.954333
-3.522970
-1.390126
-1.888327
-0.882891
-0.503687
-2.839557
-6.852244
-3.543574
0.437501
-1.789152
-3.495037
0.187783
0.891506
-2.054226
4.622040
-5.880030
1.922812
-0.672920
0.020610
-2.883062
1.221622
-1.614594
2.410367
0.008761
-3.325897
5.495678
2.236054
4.741469
1.773944
3.924701
-3.886407
-10.436736
-3.524087
-8.189763
-5.609725
-3.660648
1.774398
1.694022
9.060339
-4.149114
1.312503
10.355605
-2.402657
-9.938449
2.123129
-4.267334
-2.821835
-3.904983
-5.500402
-8.738561
-6.646402
2.013301
1.306090
-4.006436
-1.016002
-6.597391
-1.009302
-1.962212
-5.291349
-1.173542
1.437757
9.407218
2.290591
-4.886035
-7.390537
-7.141642
-11.437499
-2.246128
-7.288703
0.741115
2.437052
-1.581446
6.656997
14.930010
-1.706155
-7.186322
6.320365
-5.629099
-4.096619
-6.137997
-3.420373
1.965927
3.343609
-5.859923
4.104303
5.597211
-12.365854
-1.496201
0.177673
1.250092
-15.559330
16.165354
6.764006
5.757092
17.385997
-23.818708
-16.167911
-6.614633
-22.937948
2.966619
-3.588095
-27.839060
-8.314234
-17.171638
-13.924770
-12.591509
-12.314859
-18.773988
-8.042707
-1.618391
-1.547366
19.300752
-26.989264
-19.268506
9.909738
-29.579482
0.920645
17.229185
-22.088159
15.798996
43.348377
14.049558
-2.616924
-23.527177
-18.509825
-37.230996
16.153156
-56.928141
-29.767743
21.532481
-21.511787
-5.393126
14.375177
-27.475802
-16.154438
-21.622894
32.423097
4.662737
11.285619
-19.695963
12.251099
17.532828
-1.753068
-17.367562
6.594162
-57.233413
9.642718
-26.475477
10.550147
-11.973506
-13.724752
-4.952014
-4.592876
27.102879
17.418355
-7.447335
-11.902928
-6.183649
-0.955415
13.292376
-4.048742
-42.881542
5.202208
-48.019543
2.093201
35.493844
-22.798507
-36.541049
-53.575881
34.762831
1.626687
61.595370
38.163010
31.455924
71.761199
50.146558
24.600995
50.620974
11.537399
24.009947
-41.630495
-1.913415
32.936453
-25.908509
36.142915
47.973917
-8.596243
53.163164
-85.404716
-75.216154
19.577298
41.617201
13.488698
74.465868
26.134277
-61.596433
26.032045
-12.867211
-10.765286
60.379507
41.698565
9.304199
-49.219525
92.651150
51.081751
54.766188
105.084491
106.325596
42.519583
-6.800374
-17.513897
-3.521116
-21.629885
20.847271
109.192058
-11.265059
-7.352620
-53.832583
55.460751
-65.147643
-84.950271
-52.794933
-5.757048
-74.352945
4.765500
-70.015492
31.780139
7.373808
-43.829416
14.990871
-81.910130
41.965826
97.199659
3.607649
-31.721431
-30.242500
-0.171913
20.047101
60.620362
129.194198
41.559209
-11.297222
-49.660944
-4.138453
41.780809
-3.104796
-43.788117
5.286112
-26.742761
33.817176
26.080721
1.914922
31.436929
19.584236
-81.792043
23.466822
24.050639
50.433382
63.316435
-61.532736
-24.256333
49.192396
2.772300
-12.681854
-51.316697
3.952724
-60.458373
73.527937
20.340550
100.925708
-7.541404
33.860880
15.470465
60.170925
-55.218538
-17.160395
-73.034785
-47.704640
-62.901353
-20.760611
-60.253839
88.485846
-101.565534
43.997520
17.047351
20.213306
-32.460748
46.181091
-40.565718
-18.792421
-16.818974
91.164533
-13.864663
-26.107666
19.971262
86.772584
118.477407
23.239844
-20.575701
-61.814193
37.941907
-23.443101
-53.657309
-65.285660
-44.985499
-32.193636
-0.718335
-38.078091
62.224888
-15.628787
-13.812663
75.694445
7.524097
3.301856
-81.175395
-11.958435
6.692157
66.276528
-17.799267
101.250322
87.938242
-59.983500
-35.137738
4.056657
70.669884
47.535869
8.055336
-52.700675
42.714445
28.196518
37.159155
-72.578414
3.254749
-41.738700
63.885361
95.209369
-75.670136
-56.434412
46.358242
71.412553
-53.797307
-21.948039
95.950652
-26.297683
19.437215
48.917206
5.977521
10.091548
41.665437
23.428756
59.858156
-22.496809
15.718084
64.164848
-7.422209
-16.559276
80.454136
61.085653
3.859388
17.059199
37.654847
34.781563
-63.583074
-26.517000
52.347791
19.906497
29.929827
48.275787
16.293514
-41.117747
-79.729993
26.147709
-95.371160
-66.562582
48.554741
-11.478953
-74.149864
-61.233448
10.572745
44.991280
-26.248008
-65.025491
79.152193
-22.807380
-10.853255
-40.720388
-9.127230
-31.685773
61.848362
-32.848950
-39.012392
-44.513217
40.453278
-57.341409
63.808362
41.296254
-51.577617
29.554898
46.938453
-20.991200
-3.072497
-38.639706
-43.972937
55.593495
-50.025434
46.609393
9.703003
-32.055561
22.582899
-14.797403
-1.275711
55.586702
24.947733
20.719493
-19.704170
17.416879
89.128546
78.951085
24.723706
93.317466
55.966604
-31.508528
-30.251988
49.775085
86.828875
58.284135
-27.154194
-1.881826
-37.237288
-18.435851
1.351686
20.184387
-48.591735
-18.031933
13.335306
29.996632
-8.503764
-61.022566
-9.182252
-11.017726
-35.875192
-26.724459
-74.591475
24.548026
-14.258992
1.929326
-59.485636
-4.397159
53.568012
-88.978473
-97.365116
-16.886595
27.298677
-27.402933
-52.905649
-42.397921
-31.546847
55.783178
57.375676
-34.938430
-79.564674
21.706410
-14.470856
-9.042354
35.226808
21.894644
92.730148
78.666324
-106.062656
-18.978787
-17.574896
20.410246
30.193727
38.313722
-18.645927
14.168477
-57.432622
-81.474229
93.757112
10.730315
-62.930135
-5.141106
50.947794
78.534619
26.564558
-12.984960
-27.573900
24.166399
71.286096
16.995292
-71.007571
37.800266
-53.616078
-49.395155
-3.763438
27.175934
16.040325
28.852411
-37.296474
41.253458
-25.408018
-63.996977
-98.622154
-17.847606
-18.189705
43.701681
-8.742653
-11.725426
12.651887
60.442878
21.510758
-8.516737
-56.527737
47.217242
-21.697254
86.175165
-73.085474
-69.278037
27.106612
-37.284708
29.009345
-64.098860
37.535843
-63.377541
-36.741959
5.418314
-39.588061
33.874226
66.626980
-159.551671
58.150301
51.955879
31.444260
70.559573
40.168458
-5.158102
29.687359
36.150103
-15.275305
-14.001414
75.670829
-107.434389
17.074195
-31.624673
47.198133
-30.745469
14.032866
19.996037
-28.056676
85.249574
-98.590724
34.089631
-41.426057
68.235140
-71.832823
-44.316723
-15.253497
22.370502
-11.698309
56.461534
-3.998222
-75.905997
76.080615
59.624252
44.022582
-30.795691
-94.462150
20.488340
-35.608621
64.560535
8.759846
42.057593
-48.594275
4.238265
96.339927
-94.498472
-27.460191
-33.303048
-24.129974
-70.399382
46.856350
-81.126040
63.307560
-4.600361
-46.845220
62.409134
20.377732
-42.089439
-35.444752
65.149409
65.105987
56.191077
-82.032053
76.529791
-0.237209
-41.303704
-20.982857
-5.983927
-44.779748
36.313024
19.036741
-28.410817
19.795818
-28.046413
-2.895764
-19.278024
56.866394
-36.194909
36.391522
56.247193
54.459580
-28.998924
-54.737297
71.510941
27.537264
-21.686043
12.140777
-27.780634
-18.557547
71.371885
35.661720
18.519131
-60.354454
-56.744795
-36.308249
39.180438
4.039167
-2.577905
-32.154878
20.312338
-54.846383
11.398098
-14.633214
47.069248
-3.037961
66.965256
32.941962
-48.366325
18.033141
-46.418265
-39.220810
-22.854091
1.392227
-32.272420
-66.170830
-6.243549
-49.633597
-90.192525
-36.004261
29.150773
-60.839380
-28.733476
-83.319399
-4.046056
-23.705648
-47.803540
16.675230
-7.567544
-73.571166
19.280223
79.312174
9.408315
-0.900355
30.604917
-59.106089
-21.220914
21.625593
46.818273
40.541217
41.797519
-89.310484
33.087775
-29.086307
20.598600
-55.662420
56.655048
-37.558712
-27.550884
-28.631942
46.750812
-55.254323
-6.714120
20.583786
53.762832
-14.406386
0.130840
-12.730177
2.949408
-2.637524
28.557600
-45.558608
50.333720
-50.521950
62.523229
-65.136117
74.279936
-39.768766
34.397707
11.854272
-48.153453
-88.264232
-74.799057
-41.620299
65.489903
39.333721
7.366682
45.381630
-37.911771
-32.873428
3.274737
-24.404680
90.090274
6.564455
-36.229054
-10.846451
-3.969377
-56.700155
19.337965
-26.300985
-69.162388
32.970700
21.233632
45.653702
8.100756
68.829081
64.852092
-77.680989
25.599002
19.333547
44.266751
80.395668
114.891750
-103.552336
-25.327111
20.943425
35.119901
-11.321559
-12.646381
-31.063196
-41.359557
46.489255
26.328665
6.106314
52.242749
23.235113
-123.659852
137.776314
3.899541
-30.325897
70.152432
-86.281183
-16.426676
29.550732
-49.842508
1.383304
-9.274534
64.323760
-15.929357
-12.718936
-72.780679
39.530062
20.590687
-53.893773
-19.521836
71.812234
10.151312
3.369189
32.275494
-35.349903
-40.026436
25.575611
9.360744
1.394804
25.821119
66.090764
16.306157
-17.665476
-90.869245
33.654849
93.221281
21.073929
-17.830773
35.825549
44.195513
-20.917215
35.127528
-32.424874
-62.779069
-16.975206
60.459852
-40.609992
53.441902
-14.731743
-37.011883
59.092456
-0.061084
-31.451295
-31.963499
129.039748
-46.291095
-64.567008
-47.289713
56.268545
1.064474
19.498906
50.177222
1.442055
-18.535384
44.974268
82.526797
127.159499
16.372653
-33.526406
-35.217000
46.317643
-62.746094
46.781890
-74.379689
-40.068238
-40.532638
-21.932193
26.029478
-75.892275
34.614773
96.889231
-64.879836
-3.991189
-97.870160
29.139511
-41.446679
-84.841133
-57.349472
33.763993
46.581321
70.993523
4.705149
98.974329
84.595621
-0.032295
23.426603
24.465348
-18.368867
2.904542
-49.411100
56.408264
-44.507668
-19.411904
-16.960705
87.348681
24.809664
62.790040
-13.587467
43.597020
106.897143
51.720006
2.910474
-2.546658
21.506115
20.858181
-38.381149
11.605009
33.177686
-65.982571
-3.651054
77.788678
41.826554
57.317638
22.936767
-39.580549
38.221029
73.995294
-45.032414
20.831235
-68.003504
40.118961
-30.681730
49.873230
-31.335214
-59.529001
4.990002
71.366893
-9.478874
-46.171407
-15.133723
-18.732529
20.600747
-25.826015
-34.402643
-28.690200
-20.093368
-0.503845
13.328038
-34.945785
1.014685
-43.797731
-65.288543
-9.201274
12.139113
-35.616892
-6.597623
-87.855851
-16.702658
35.480507
-19.378073
43.963096
55.205827
-49.046992
25.313421
5.660726
45.568779
-35.989498
-36.869814
37.052217
-11.372191
-85.603312
32.048639
-41.031509
116.997961
-58.794132
-13.980769
18.124217
-35.490314
-43.338821
-65.414353
-8.191104
-33.556298
106.217485
42.993757
132.431035
95.959170
-23.444319
18.446811
-3.889069
-34.321727
48.648731
-43.915406
14.656295
-18.387092
55.097348
-144.024039
0.067557
-50.233828
53.777029
-57.520667
-18.222240
1.546929
79.100159
-66.910376
-50.155588
-66.242920
-24.636213
-25.795191
42.417626
-25.172447
39.677671
14.797553
64.749451
-45.811658
13.520668
46.499108
27.642557
3.296039
33.833393
96.619485
-84.910017
-18.971704
36.219294
30.607121
-18.518224
48.395794
-12.925865
113.213125
-1.140180
-30.831638
-94.379416
119.518281
29.508805
24.779823
-12.908552
21.730239
-12.133893
-28.455374
18.445351
49.812111
-28.020726
110.491652
-2.707441
90.179958
-45.840202
64.541510
-44.461027
-57.909922
-42.008414
-7.326875
-33.798269
14.248038
-20.760056
-88.520859
62.333639
-2.100395
-26.371023
41.673562
28.266124
31.975810
-64.551429
4.492457
48.463581
-77.959722
-9.242949
20.721012
-6.131150
58.264432
-13.942207
40.768007
-81.934675
-17.740772
5.267639
64.977182
32.389167
115.759028
84.711960
41.298229
-9.426807
-42.428105
6.860043
-38.486698
-27.921733
25.670080
-17.439631
3.832345
-36.060606
-73.617511
-4.648973
29.732907
-86.248944
-43.509731
-14.204030
-17.562543
-49.586397
27.927667
-63.098371
-36.963997
-66.656986
-14.268991
-14.672154
-3.107404
22.708822
-42.585709
26.861616
36.919236
-37.794759
68.453382
-19.095654
66.323902
-9.356729
-31.391548
82.923898
-61.625905
-23.765310
43.006259
11.305903
55.843484
115.043039
-12.412759
36.062205
29.015497
-2.903577
0.039616
-65.706987
-8.250736
-64.947146
-18.786405
-49.347608
7.055495
13.673303
63.508026
-39.857973
57.986264
48.154803
106.677964
-97.624243
-101.663797
17.820970
12.058496
-8.167086
-52.717973
-50.221030
104.112299
67.771663
84.938607
2.587054
17.960627
4.970632
-8.694249
64.055459
-3.345957
18.903254
-12.098445
-66.543716
5.352300
-11.809356
2.807068
8.805354
9.890455
51.747037
56.429676
-1.888563
-54.740329
20.102707
-28.524650
-3.322350
50.412249
-71.564401
36.430386
65.945362
-67.922811
17.757787
9.729516
-83.835478
-11.825779
16.949627
-56.783151
41.723417
3.864743
-5.042251
39.988836
-91.443206
-60.611072
-38.467412
19.573613
8.763845
27.107727
2.328788
-32.389601
-49.996610
-84.319198
34.072289
54.579673
31.270403
48.901347
-15.870634
-57.267408
-50.908363
38.596544
-39.895136
32.268155
-36.452596
8.428554
-5.482544
-40.843453
-80.197890
-59.709926
114.371620
16.638691
-37.653574
-0.275301
4.280538
20.169218
-22.216363
-49.344992
45.260373
56.619513
37.662505
-90.566531
-23.207090
-97.524131
-22.272301
-37.080698
40.141363
52.970227
52.951955
-42.869928
-88.261457
-28.005246
78.826344
-3.960253
1.884358
-118.729965
40.942972
44.434879
101.114687
-6.356741
-35.624773
-3.561740
7.372551
-90.079183
-18.318437
25.602823
-12.177631
-37.715900
65.991932
-34.829280
8.210827
16.061305
96.102478
117.398242
89.979712
-0.787635
-79.835900
-109.501233
-20.106808
6.827915
-23.974235
57.169806
-18.790330
-89.057994
107.883027
32.829682
-44.386495
61.945898
26.459035
67.689460
58.115909
-89.870191
11.106117
107.815439
-17.065770
16.840771
-30.610206
16.826592
-14.749637
-132.579921
23.979525
-48.699097
-46.999358
81.631205
74.609130
-60.223481
-44.187558
-42.792778
12.672212
-52.214503
68.525769
-63.114417
46.370839
24.582903
-45.061684
-12.330848
-54.004074
71.160541
14.316396
5.773348
-7.525202
-34.961681
-57.575218
87.135816
30.367184
39.349515
36.200728
70.613432
73.341621
-27.538965
46.194420
9.064105
12.780903
34.011547
53.871636
-2.714299
-22.058822
-47.978307
59.339995
-53.850797
-7.133717
8.685516
50.149801
-44.610445
-1.378799
-18.714826
-12.379622
68.167143
-62.890746
69.055709
60.792511
-123.390982
46.370313
-63.427404
-94.767006
83.759298
-102.107977
-26.341216
-21.349599
-18.134242
-11.686363
-41.449705
46.010461
15.031037
23.460759
105.063383
110.067562
-91.406927
-16.717310
-96.877744
-4.035135
86.341332
-133.400016
109.169816
25.395582
-5.349512
-27.895659
93.530822
-33.013843
-19.110602
49.065977
36.647034
-53.505004
2.421936
22.373904
-90.122395
-37.355483
-5.653283
-31.294273
83.926915
-75.102598
33.835424
-8.754436
107.119024
-81.764809
-112.587503
70.281598
23.127925
-42.855277
-36.077649
-1.480222
-46.448921
98.797796
-22.547190
-4.840356
-60.770324
162.254835
-67.470105
-4.678393
-84.074442
-61.422552
-52.559228
-94.545375
51.691281
-27.712587
30.732374
13.285803
-19.759795
-70.749380
-68.700679
39.585109
31.346486
7.232369
-62.571892
66.865757
68.647365
-56.105224
-72.223750
-18.896773
11.533937
38.716750
73.998607
-8.447715
-4.702690
-6.113853
-31.515747
13.270024
-51.224866
-97.130743
-93.424549
39.726521
9.815589
-40.950149
-43.334424
-12.067242
-48.706950
-22.938437
-17.062809
-66.784553
-114.094967
-40.513130
-34.039078
-115.438091
-8.267428
70.672312
53.028813
-77.300626
-149.530909
-26.805180
41.187033
35.177347
-11.265284
-26.359612
49.657571
37.965121
-60.793023
-7.066431
-76.046215
-52.629994
-92.303010
54.414063
158.351982
-53.367951
-35.926807
-61.962196
-90.438458
64.786367
78.177341
-16.794712
-111.407799
-25.423303
-69.777951
-82.308886
-3.776964
-57.978447
-17.204725
-38.968796
-57.685681
-15.867801
29.905549
-103.174452
-83.818078
-37.960367
60.395605
81.075550
91.274752
70.718061
56.010147
-54.709598
61.689881
27.141440
83.667946
26.038865
-11.694589
16.403813
-16.026744
-36.071049
-29.564102
-21.566327
21.898965
-6.955901
21.087309
89.043311
30.524128
68.430107
-62.276644
58.789633
85.025435
83.492545
65.911357
42.586433
-40.210723
-102.884616
-101.642517
27.823484
-13.131742
-57.024353
-33.792906
-14.835841
-57.981134
-3.069851
-82.593998
-70.412828
-28.352827
-109.714561
3.066290
69.599889
68.732852
-100.079334
-64.436123
-31.078400
-35.899412
159.796673
30.334522
-102.364657
-59.233380
-72.784048
14.487757
-42.358294
46.111030
52.130607
-20.299789
-16.594169
24.185989
31.082413
-32.096780
-150.051507
-56.948230
60.906899
70.985477
-29.350769
-115.302340
-21.587357
-41.324953
-109.659932
-55.391137
-14.245708
-19.657797
-36.977913
-19.119567
-39.575978
-26.938052
27.216589
41.606615
-89.886778
-100.206955
-35.869519
27.733467
-26.369704
0.678687
-12.242615
-3.892017
73.934482
30.977789
6.777273
-24.705810
-75.549420
-52.776904
75.254997
55.938196
-72.886566
11.331782
35.023721
29.768140
-89.796690
-64.711937
-7.982665
3.105047
33.101032
-33.032413
52.323569
-94.789450
-42.620755
-63.875530
-66.232455
5.547638
-47.864517
161.832107
-71.970880
-5.624282
-16.304717
96.296041
-60.126830
1.418194
-34.461046
-46.777159
35.997393
67.277545
-113.997466
-74.993591
117.972267
-12.230765
30.777269
-64.081514
71.862523
-23.829832
0.431847
-42.330207
-79.158051
38.918348
11.574161
-44.645417
33.471736
55.032779
-19.531676
-43.661269
100.815678
-31.743815
0.364048
27.187111
100.799638
-125.163525
79.753739
-14.636206
-90.935622
-19.781647
-80.182483
125.498984
89.096807
18.677356
1.434008
53.727634
-42.681875
-21.877578
-13.533645
-31.954492
-30.609326
-90.925525
83.777410
-87.969131
-52.087065
45.990195
-119.965414
57.382322
69.768224
-58.469514
66.101773
-9.744344
-6.274780
2.124798
-43.851452
64.500019
10.787568
-3.047111
-58.870946
70.955181
-50.235066
-20.484453
6.269279
56.684860
32.434032
16.548414
16.395737
47.617446
-17.809895
77.721542
75.497387
32.787554
36.231293
28.880295
62.257602
-67.413493
-27.820099
3.141295
22.535474
11.162197
55.354849
-61.394448
-15.101078
-44.433328
19.610987
32.387565
-61.340169
58.257250
-51.748729
12.394255
-45.276689
-43.378256
-58.738288
77.840898
74.861561
-52.518627
-53.847765
23.249165
-123.598674
-6.441143
26.074884
-27.987015
22.095356
-17.074338
116.471391
3.218448
-74.996470
54.160402
71.821853
20.009968
69.398770
-49.151130
37.755813
104.965395
-97.592183
-7.837842
53.293550
-17.027582
9.718146
-32.632772
-102.349931
-69.679628
6.469815
97.210147
108.280904
99.166015
14.630364
3.973182
-46.303595
53.225278
-34.205525
-17.970983
19.910290
-34.779187
-91.208380
10.291388
-6.207861
-24.303753
0.716290
97.080287
35.391822
32.246681
-114.143752
20.146434
-1.208799
72.915277
-27.556799
-92.746582
-33.992175
41.232136
61.856214
26.481420
-56.073800
-27.843942
-85.948292
-25.227681
-98.834946
45.444592
64.589342
31.861906
-54.249331
-25.817925
21.078297
-0.653692
-14.467517
-42.517001
14.522413
99.729565
-56.442425
-79.683364
-41.546031
-0.960686
14.770793
-27.435832
40.418743
-39.563068
31.249528
-64.100175
-51.396170
-20.680158
63.228929
38.754454
48.315263
15.551418
-94.645098
-46.310744
-35.310679
7.857580
33.083487
18.087479
19.452410
-43.405788
-58.804767
-80.444171
41.294611
-4.249283
9.068989
55.880771
-70.540706
24.510564
-14.964127
-69.417184
17.630236
24.372822
-62.747333
66.491950
34.334112
-60.777934
51.897472
-0.196577
-27.777873
24.708937
-46.121850
3.850643
60.642015
70.162843
7.378627
7.872694
2.692926
-11.114366
12.632832
-60.932399
-5.985527
23.891740
-8.160199
56.120414
-1.210907
4.655581
37.285895
7.951832
96.275612
59.296818
98.236159
-58.710384
-68.942733
-7.271475
7.485313
15.471982
-106.857845
-81.598240
115.790982
48.450469
53.919307
-46.476036
57.157881
5.915327
2.203347
-59.926319
-21.939714
-70.494257
1.398639
-67.696149
12.097844
-4.656057
29.362291
36.182096
-13.870831
123.811635
46.969798
17.212705
53.008940
-27.810854
-62.594774
79.177833
-43.278656
0.009343
74.716595
-22.716186
61.839933
-44.684385
28.933514
32.689634
-54.306149
10.136376
-24.880642
-22.588734
-20.515820
-67.842606
-32.843970
-57.404869
23.677618
-44.848884
-12.033946
-19.920595
-33.850364
-77.980688
47.329921
1.408516
-81.098855
-22.492561
4.724577
-21.730365
35.308465
-23.641108
-39.386219
22.284768
-26.828054
-5.861418
63.942183
81.485796
104.987884
43.293621
68.899369
-7.964666
-16.329907
-85.951683
48.278875
-22.789762
57.292525
-23.373648
11.181280
-6.036091
-86.289690
34.683786
-12.524463
-66.620499
22.234825
42.554273
26.924655
-18.443406
4.850888
56.516472
-102.252156
-17.941914
20.582223
-30.618090
-3.915076
-47.373828
-62.829030
-30.288369
62.286670
-47.819726
102.044941
-0.564730
116.616180
-29.326083
55.968393
10.570757
-39.855490
-6.050610
33.919278
-9.598275
18.498693
28.235596
104.977598
-96.318222
-31.077826
21.054572
119.479578
-6.814026
57.098732
-16.884911
33.491765
33.326364
-20.149778
-74.125635
85.826058
29.427258
-5.993587
18.298789
40.820295
5.760412
-41.226474
63.753628
13.239118
39.755219
-28.856601
48.599690
-20.644702
-24.175840
-76.958882
-54.960482
-53.374220
83.026477
6.800380
-17.883351
-62.962645
60.258650
-53.843531
-11.864837
-138.958454
60.953788
-13.961245
21.024002
-29.729395
46.290701
-47.282647
-0.574814
25.180043
-19.911873
92.517183
126.818860
28.819723
91.653132
-45.836515
-18.948195
-66.028432
-40.059638
-26.132516
19.852633
-16.073592
-53.620421
117.047791
-54.402483
33.916361
-86.839689
-7.695173
28.884346
-46.700468
-37.172129
54.089056
-6.326988
22.412779
-49.819053
49.877151
58.268751
-22.154153
29.323446
-22.293465
-91.201801
-5.748405
-39.167941
7.643335
-13.892689
-62.320982
-38.420067
-1.011440
-29.470707
15.862424
-6.394917
-24.384578
-34.542736
-29.352516
-17.066542
22.076544
-10.445866
-11.440142
-35.748582
-0.591841
82.553697
2.733800
-51.920186
-28.609331
34.072192
-28.450852
47.024042
-60.546863
14.742592
-34.538111
77.523054
38.283952
-32.121918
27.611239
60.207411
57.022924
81.904604
-14.235349
-63.812001
36.559840
13.068819
-38.595703
35.342122
14.301014
-3.693075
8.504816
51.117538
96.173468
38.970780
-16.341008
69.589898
27.226690
75.899449
-29.016169
-20.944091
-39.106272
42.939628
-49.048365
16.548552
-18.882409
33.101776
23.610636
10.965936
95.071002
100.144416
-5.052516
60.164198
33.255063
36.606376
-60.967714
-86.821291
-43.177366
33.938648
-102.229686
3.066066
-47.792572
97.716268
39.973230
-76.075308
24.608796
-6.304264
-38.720670
-39.227381
-62.271155
49.742459
-64.726266
46.190048
-41.991699
-33.882234
32.591988
124.387570
82.632156
42.638673
-22.590123
1.356957
42.577616
9.841407
1.265119
50.296241
-59.938246
-55.626667
-43.524729
131.337771
-37.898869
-38.430937
8.973850
58.927721
-41.560016
-21.565409
45.953438
-26.643449
54.926333
-14.718615
-51.209435
-9.717238
31.761681
-20.731331
57.400709
36.634226
-28.301260
29.246712
91.902313
14.253071
-93.351986
-8.897537
17.336506
51.746496
34.679198
-0.142176
14.775310
13.014468
-42.795140
-38.230197
31.746583
14.604939
16.358898
63.697746
-13.807559
-59.072202
6.921973
45.498022
-69.364671
-14.592656
-14.627817
64.798171
-13.230366
-3.633182
-47.081120
29.099070
-23.503120
-84.108695
76.893879
-33.830558
2.814324
127.994810
-133.143510
31.121380
48.649780
9.551856
25.161607
47.826379
-47.468704
-28.577147
-13.224217
-5.746990
35.415217
20.320742
-35.342527
-92.868054
124.212371
70.517584
42.689950
7.487754
17.874282
-72.398588
67.895792
68.549353
6.376237
49.845546
11.193075
20.546389
-68.097079
-25.242360
30.843082
-55.720380
-5.659465
-19.019845
-31.750092
14.652620
97.493807
-19.654918
7.357488
-44.436065
-31.933342
38.517955
14.452591
38.305134
54.898304
-56.263485
-92.205988
-85.419280
-46.932550
20.996073
32.129321
-50.436270
77.414567
-72.330452
50.402004
-51.718876
43.863855
-42.011075
28.281874
-1.993581
-0.739914
-11.755074
0.316770
-17.692116
52.184823
20.629424
-15.486913
-54.297127
40.106922
-26.346764
-23.270488
-41.671226
46.741041
-60.547435
13.005356
-31.788602
30.700389
-89.188549
59.707843
31.532162
34.212949
10.489114
-20.089767
-55.235783
33.421477
-0.659121
6.218071
71.363672
-0.685420
-75.232868
-0.456377
13.454744
-50.015439
-24.084827
-3.750927
-80.489208
-38.558570
-45.745256
34.573690
-33.099005
-93.885961
-43.728411
1.614097
-71.705605
-21.128693
22.038601
-23.998828
-35.858664
-47.873581
30.163701
-41.076507
42.368401
49.396707
-12.143668
57.166664
-29.950471
20.316790
-63.697850
21.914247
-36.233597
-6.350047
11.422675
43.504005
-25.038436
-57.180663
-61.442357
28.798408
49.547974
68.494206
-21.575056
-27.030398
17.256441
-11.778918
25.255556
70.553753
-63.160692
-24.334406
54.696467
54.512115
38.341142
-39.151664
58.673544
-21.396281
-14.741981
-31.314276
17.640221
-26.135862
13.581972
37.165672
-45.503128
-8.543134
-16.293083
-46.887725
13.968462
72.848120
-77.402903
70.824210
63.133034
68.087508
-45.004349
-43.045773
25.607227
67.633171
-50.707756
-7.661326
59.535251
-76.802374
40.347136
-65.370845
-11.249943
-27.576459
-29.096697
-83.549970
94.878847
2.181110
-53.016234
43.497278
6.315966
53.081139
-39.445047
14.293502
-96.540879
-29.943247
46.363643
51.099394
72.387343
-75.686908
1.044147
58.515842
-17.546460
25.928522
-17.777855
-49.254175
-63.476965
66.230277
-37.760378
34.619960
-98.286669
83.352577
-33.067128
28.701961
17.965484
-31.802726
39.627967
-38.038078
23.488065
-106.751675
84.301954
-13.428244
-9.894646
33.857224
28.192901
-7.359775
54.510173
79.510495
32.541492
46.982125
42.853134
-165.593195
62.632243
19.851836
-52.740466
7.093535
-27.871001
-57.045026
45.999764
-61.324717
30.092781
-36.618688
28.874989
-64.672098
-77.381108
88.301020
-8.882118
46.264541
-43.576940
-15.922220
25.166463
56.431100
5.205065
-8.655392
-15.659667
34.278749
-27.261724
-12.764817
-89.112337
-54.086795
-23.891410
32.562633
-43.315048
32.686914
22.445985
27.300740
2.250226
-53.772074
-35.546427
38.584804
-77.684884
20.185264
71.168244
24.669034
-29.733826
-6.526210
41.301138
73.369056
37.377866
-8.321816
-59.542576
17.374892
92.901377
-80.197667
-47.902865
12.941215
-18.271778
39.636453
29.351268
12.799797
-16.081103
-9.343498
-100.336494
82.454870
91.362601
16.762390
17.519320
-22.918501
-19.610581
19.975200
-79.741511
-32.391559
63.179593
55.212836
-40.822594
-49.379425
-49.434747
-16.610526
30.367013
-21.919698
-94.651602
-88.393990
54.450193
-11.246224
-62.013711
12.199295
-13.196569
24.412071
-75.974755
-25.317928
-35.502577
4.214419
-9.124572
-54.186847
-8.149743
42.452028
14.668924
-20.925992
-54.275282
19.608427
2.419061
-12.436499
-44.915356
1.096300
-16.164212
67.729599
94.430509
52.881225
-31.624717
-22.785343
66.633510
95.099176
21.440638
83.729953
82.196663
4.113554
-30.038743
16.465708
19.876521
49.928927
-26.603574
-18.498299
19.108530
-35.016327
21.158970
31.135313
-55.375408
44.086646
-40.028926
-30.469678
-20.653923
-18.345188
46.917257
26.722472
-42.946030
47.551765
65.605182
-57.829618
40.222320
-39.352955
-47.369646
-25.028158
58.007224
-38.613648
-9.372615
-43.294351
-8.061250
-6.178964
87.819036
-66.240398
-11.654918
49.509458
-0.951159
-69.710977
-64.830227
0.625256
56.730186
-69.816253
-100.989586
49.824403
-71.589868
-21.034820
33.367200
60.979714
19.452559
31.585802
54.371408
-23.685395
-61.499825
40.483853
43.193766
23.537884
-0.107877
56.934457
73.922414
-31.933988
-1.936590
57.661270
28.614245
-22.963619
55.283502
23.296458
35.217146
19.717969
1.005622
44.373822
16.554053
-22.164697
92.613031
-21.984727
-45.109045
69.349817
30.453068
-61.762634
-62.140650
94.642727
64.529827
-40.855598
-4.251871
-75.243642
55.115439
28.531925
38.534133
-53.525054
12.873491
42.920626
64.325015
-3.394021
-31.401214
-64.795138
87.383358
89.684552
-27.873667
61.502630
13.704931
-26.563091
-76.615056
0.281493
11.186779
66.429115
-17.919108
-15.039279
65.728033
-47.896489
2.603027
-34.955009
-51.674515
-71.839800
-49.816023
-15.531067
29.240291
-70.609410
0.442495
35.039769
127.983038
81.693439
10.471200
-40.719201
-17.193286
97.846901
-26.883757
-34.641092
-43.329692
51.671811
-23.020222
27.455242
-2.763454
33.923708
-101.330363
85.547072
-57.245260
-30.951952
-63.858920
-39.797265
-73.746984
-14.835062
-50.958255
58.879390
17.070019
32.343590
-5.594646
101.977739
15.617054
65.420181
-71.307169
7.374428
-41.425767
-9.815952
3.419603
38.054570
-31.896683
-63.756943
62.743545
48.971828
18.407278
16.345828
-81.418995
28.106518
34.884841
5.007276
30.246807
18.421381
-19.396610
-4.436074
-37.897650
-7.426147
42.505378
2.666420
-42.791117
-0.808668
43.772246
137.697032
50.529127
28.362925
-10.162222
-35.520977
-25.585710
19.661385
88.401714
25.427416
-83.847466
22.775708
-38.912260
-0.219490
29.089576
-65.731377
9.753402
-75.991231
-2.601206
-59.283349
-75.226302
-61.289762
62.007070
-61.879727
-1.034972
-8.850346
125.498675
18.379590
-7.461820
-7.684019
-23.206296
-2.391522
53.175883
108.934792
103.497920
52.303630
41.129591
78.317437
-49.653161
9.525403
48.649991
52.919544
-15.098459
-17.067591
23.648377
-59.606490
20.050584
73.219088
10.922893
36.772762
13.653935
-79.559742
-75.321381
59.489477
4.754936
42.905893
34.140280
-33.873067
32.596581
-9.448088
-36.719615
21.976673
17.412600
59.611803
28.015751
52.011106
70.668746
26.570074
36.679518
46.789350
-0.827140
24.649715
-61.728882
-33.481359
-19.584223
37.693186
-1.169765
-45.069546
4.697582
-40.104189
1.577975
13.157932
0.496700
-9.400280
-14.081295
-5.718238
15.365247
30.382895
-1.967946
-9.921757
-15.156377
-15.425491
4.603861
-30.626427
6.595496
-55.507448
6.152831
-17.202949
-3.761784
13.931038
9.092895
-19.968290
8.651555
-0.449693
31.645372
-27.415269
-22.335579
-31.148574
9.604247
-8.868994
-20.115984
24.324445
-33.686741
-59.184448
15.793814
-34.640948
-17.821408
-24.960364
-3.318353
16.669551
43.696804
10.593539
-20.430007
16.318060
-4.493211
-31.672632
6.969464
-18.915612
-26.049493
18.074985
-3.852511
-2.732670
-10.000400
-21.401713
-9.680967
-13.783767
-14.758572
-16.273438
-10.592649
-28.757878
-0.858990
3.000190
-23.702281
-6.129740
-15.190622
-21.651109
19.427191
4.016323
6.400397
14.549542
-15.334491
0.545877
-2.840148
-3.425191
-9.991611
5.178153
5.296171
-4.782264
1.738549
0.374093
-4.682901
-7.810262
-5.590041
-5.149340
5.665780
-7.031885
-2.497782
14.239892
4.901642
-1.256791
0.834064
0.419620
-8.670160
-2.512939
-11.424099
-6.577209
-6.303880
-3.216181
1.283494
8.675467
-0.679355
-2.927758
-6.740498
-0.855815
-1.526673
-8.276469
-3.663502
-4.868733
1.539612
0.851883
-6.951442
-9.497793
-6.499953
-3.662822
-2.708882
-4.209673
1.740533
-9.275325
-1.836851
11.429840
1.240660
-4.282283
9.298521
0.957921
0.920359
-4.770592
-7.354483
-8.188962
-2.855512
-10.396536
-3.220823
4.476786
1.826657
4.123337
1.344089
4.615193
-3.253425
-1.062381
2.151780
-1.542822
0.871548
-3.005463
-0.554809
-0.948608
1.018257
-5.462065
4.113528
-2.555544
0.275201
-0.224472
-4.110475
-2.555881
-0.112815
-4.234393
-6.913336
-2.689873
-0.132104
-1.109549
-1.953621
-2.280181
-3.411172
0.483418
1.269364
-1.096277
-1.941978
-2.282567
-6.227235
-3.060221
-4.271422
-0.733524
-2.772212
-3.175446
-1.918637
-4.076708
-0.665887
-0.476030
-3.031350
-2.014443
-5.605798
-1.760698
-2.853964
-3.414581
-0.244227
-2.220760
-0.729425
-1.316873
-1.976134
-2.532782
-2.228720
-2.899722
-2.353271
-3.808660
-1.956695
-2.570347
-1.032384
-1.810971
-1.683839
-1.603506
-2.697658
-1.467858
-1.911838
-1.499430
-1.764056
-1.361229
-1.555274
-2.358704
-1.282638
-1.744220
-2.005782
-2.223853
-2.166974
-1.858141
-1.729213
-2.159074
-2.016691
-1.948980
-1.985452
-1.990987
-1.926569
-1.950374
-1.921063
-1.923862
-1.947266
-1.904738
-1.911422
-1.904625
-1.932528
-1.857644
-1.772609
-1.914675
-2.036098
-1.929122
-1.935046
-2.016381
-1.681696
-1.484137
-1.846350
-1.506375
-2.130136
-1.961015
-2.364080
-1.974610
-2.414417
-1.467692
-1.865709
-1.925396
-1.897862
-2.060069
-1.750413
-1.900399
-1.708871
-1.613364
-1.503653
-2.417049
-2.143800
-2.027292
-1.681511
-1.695451
-1.896520
-2.526280
-1.277003
-1.500291
-2.157816
-1.946880
-1.506117
-1.680329
-1.981642
-2.223964
-1.776907
-1.573200
-1.994178
-2.599663
-2.579946
-2.309281
-1.498329
-1.952890
-1.716186
-2.478453
-1.130082
-1.554813
-1.979946
-2.184380
-2.990634
-1.465171
-1.912756
-1.442048
-1.014945
-3.155617
-2.503801
-1.706480
-1.611228
-1.927732
-2.144171
-3.154633
-1.831767
-1.404210
-1.972609
-1.163042
-2.710456
-2.072732
-2.634730
-2.220036
-1.968413
-1.895845
-1.476012
-1.792133
-1.509462
-1.602558
-2.109236
-1.676186
-1.583580
-1.839125
-1.090246
-1.404239
-2.513934
-1.281172
-1.727008
-1.447442
-2.083149
-2.968429
-1.809002
-1.634591
-1.723972
-1.584082
-1.629645
-2.160089
-2.495932
-1.620357
-1.287274
-2.077293
-1.608353
-1.249326
-1.965123
-1.688932
-2.480640
-0.748662
-1.525742
-0.984425
-2.019256
-2.567616
-1.751598
-2.225686
-1.364559
-1.921311
-2.222978
-1.779488
-1.476694
-1.690946
-1.383187
-1.707378
-2.135149
-1.899959
-1.103216
-1.348821
-1.906919
-1.620129
-1.337541
-1.905411
-1.173668
-1.585558
-1.441488
-1.858428
-1.619364
-1.675946
-2.165566
-1.865104
-2.013423
-1.841775
-2.166043
-1.542765
-1.915318
-1.481135
-2.044594
-1.825453
-1.339076
-1.639087
-1.314624
-1.735901
-1.498898
-1.812629
-1.746668
-1.685021
-1.530674
-1.690401
-1.576676
-2.055460
-1.505530
-1.589955
-1.622162
-1.782548
-1.696911
-1.706773
-1.757122
-1.639336
-1.587888
-1.666002
-1.712072
-1.656796
-1.686852
-1.670330
-1.651040
-1.650936
-1.647659
-1.609208
-1.633701
-1.668736
-1.605169
-1.643949
-1.670906
-1.755828
-1.684494
-1.530714
-1.500690
-1.662537
-1.548334
-1.689609
-1.627994
-1.710656
-1.610459
-1.761160
-1.883848
-1.967248
-1.510131
-1.615000
-1.508034
-1.696631
-1.565230
-1.532686
-1.363874
-1.597217
-1.469058
-1.523250
-1.743153
-1.796053
-1.899105
-1.345576
-1.748117
-1.777302
-1.543909
-1.046215
-1.645485
-1.276494
-1.640063
-1.748830
-1.861462
-1.336208
-1.594036
-1.969312
-1.544775
-1.952024
-2.107533
-1.840910
-1.140648
-1.516534
-1.607778
-1.164793
-1.702200
-1.733835
-1.132380
-1.845599
-1.694607
-1.566783
-1.549900
-1.179751
-2.135413
-0.663016
-0.973138
-1.651065
-1.029067
-1.673362
-1.216836
-1.230606
-0.855589
-1.356193
-0.473145
-1.557166
-0.623131
-1.943158
-1.358105
-1.321785
-1.773297
-2.250555
-1.446951
-1.009033
-1.174595
-1.307918
-0.946535
-1.378610
-0.968555
-1.850063
-1.543461
-1.476393
-1.886231
-2.126779
-2.011949
-1.614588
-1.928100
-0.586878
-1.908292
-0.315211
-0.820965
-1.438756
-1.310761
-0.864484
-0.980047
-1.497450
-1.568326
-1.950587
-0.906530
-0.605113
-1.129518
-2.034663
-1.632043
-0.418820
-1.373747
-1.652718
-1.535000
-1.606949
-1.697993
-1.143203
-0.463693
0.274325
-0.789641
-1.722088
-0.656315
-0.787400
-1.485451
-1.469239
-1.263948
-2.203095
-0.776149
-1.315521
-1.469343
-1.536057
-1.207503
-0.923196
-1.165994
-1.445271
-0.855499
-1.212951
-1.339143
-1.418814
-1.322235
-1.185356
-1.114684
-1.202903
-2.093738
-1.174630
-1.159000
-1.143387
-0.779694
-1.078097
-1.038438
-1.349131
-1.158567
-1.014494
-0.722003
-1.268055
-0.930198
-0.953336
-1.041223
-0.997303
-0.837346
-1.215301
-0.965648
-1.134164
-0.913410
-1.154607
-1.083257
-1.111418
-1.125649
-1.074404
-1.071632
-1.076653
-1.075316
-1.056482
-1.012547
-0.962423
-1.147818
-1.239813
-0.904240
-0.800904
-1.342443
-1.048491
-0.966103
-1.233185
-0.848981
-1.193930
-0.676602
-1.116998
-1.134888
-1.399766
-1.900816
-1.108013
-1.655149
-0.572037
-0.839787
-0.782460
-0.132926
-1.224628
-0.089258
-1.768328
0.068499
-1.426871
-0.508716
-0.018103
-0.566026
-0.425190
0.612133
0.772173
-0.244009
-2.477131
-1.455929
-2.252925
-0.584086
-3.412625
-1.100571
-1.482315
-0.123315
-0.053130
-1.178897
-0.236281
1.386359
-0.208174
-2.445842
-0.516461
0.081294
-0.004856
-0.288044
-1.853877
-0.852103
-2.109761
1.920432
4.328710
1.584629
-2.581732
-4.248960
-1.105956
-0.617883
-1.983864
0.485686
-4.317783
-0.055576
0.823903
1.652170
3.427800
-7.017629
-5.341397
-2.079383
-0.357259
-0.792316
-2.193789
-0.987207
-3.469279
5.361771
0.258249
-3.281284
1.050009
-4.453392
-2.676215
-2.606566
2.469197
0.781795
6.528544
0.039740
-2.737731
3.597451
-2.740885
5.351309
7.042813
-1.881126
-9.298228
-4.514908
2.186629
7.508926
3.102068
2.740759
-3.733120
2.957066
2.635044
-0.973696
-3.668748
13.107225
1.850023
-4.646371
4.927746
-1.650018
2.278091
4.003290
1.536675
-3.457049
-2.829353
7.449636
-5.771759
5.298234
7.427374
-6.337840
-4.679258
-12.312458
-2.575122
-1.513577
6.248083
6.369236
0.430730
-24.324683
3.462077
2.716498
4.134411
-7.955468
-3.903662
3.913613
0.103001
5.541451
8.678126
8.264437
0.691125
2.652793
-0.476415
-1.941456
1.632988
1.019117
3.223885
7.792371
-22.089462
1.707450
-3.185822
13.694632
1.184578
4.196913
-3.349554
26.459741
-7.960204
-2.824385
10.652096
15.134008
-54.909897
5.961596
-7.407375
-7.048332
15.174968
14.261347
-15.950518
-5.503684
2.061208
9.297831
-16.409898
37.049896
3.272224
17.392971
-27.673151
2.043418
-17.868800
-11.965790
-21.033025
0.942149
-20.271908
29.423319
25.394363
-21.551335
2.632268
8.170802
-14.706869
6.642020
16.969528
-32.871259
4.209044
5.067119
-17.502706
25.588098
8.181725
-23.473307
30.385548
30.242973
80.999987
39.365608
-20.481924
-8.120775
-25.098924
-48.207954
-16.390390
11.718931
-47.942371
33.677098
-3.896271
-17.407723
8.869141
55.577626
-65.112166
66.666524
35.961808
-70.988795
-18.037350
5.491964
66.197976
92.186410
-1.539960
18.500270
41.020129
9.884667
-50.261895
25.712524
45.444184
73.034024
48.624625
-74.214556
-23.682771
5.361164
52.635649
90.299317
-20.661184
5.913428
-17.980288
-95.957793
15.725594
-34.497549
-26.377456
-18.993990
14.357861
6.266975
87.102776
-83.504001
-131.566667
9.120927
41.416247
3.768764
-52.224929
9.705291
63.722502
12.765975
-1.670739
-6.574660
61.725559
15.579635
-22.641496
-59.992334
-60.428693
33.956559
43.109621
-57.421484
29.234210
0.061816
-38.667657
47.758878
51.604647
-48.501417
-27.730452
75.506483
-15.403734
3.188025
-73.562907
55.873417
24.429622
-46.678288
4.804750
10.908286
62.620395
98.466108
40.780121
69.923071
45.901749
-113.537344
-33.850134
-53.379337
-2.936318
65.142161
-16.913526
49.423448
28.290148
87.101666
-20.677469
142.231025
21.232872
-12.271771
33.568432
15.066188
-44.544133
12.166437
-102.298542
95.014648
-1.052625
109.614180
-18.728751
-28.814220
-24.065938
-86.793311
-18.820704
24.417720
-28.474414
126.581755
22.320317
62.455724
-5.343344
-9.704534
26.980088
-22.580262
-3.715324
24.559250
-48.898719
15.430853
80.868474
-36.546851
75.032084
18.103837
5.608768
-101.900135
37.324150
10.439346
42.155230
-103.566671
7.742686
10.681598
-85.626441
44.974846
44.363928
34.588470
115.063447
55.030802
-59.513724
6.704286
67.673167
-79.791830
-89.205696
36.865427
-43.312968
-32.409477
67.285205
-18.103479
87.273313
-24.563585
-8.538862
60.118287
22.940605
-81.699733
50.458810
-19.570628
-4.449270
-5.261765
35.502697
-54.896377
73.015867
47.029842
5.033837
-47.553577
-95.538733
-19.686281
-50.749204
7.696198
106.338278
92.797143
-8.867908
33.787656
39.801879
-10.261329
-24.969333
57.337737
-89.156701
14.638157
-68.525092
-75.265141
42.503624
-14.628667
5.775448
-49.901887
-34.463081
5.162028
2.832045
14.738034
-63.621678
40.461561
55.558890
72.118960
-37.978138
29.916275
-78.372936
-17.366068
47.450631
-21.547501
66.344419
-73.611701
-39.064016
-75.791085
21.237939
-0.373090
-114.210789
35.761760
-69.452939
43.860640
-24.717977
-7.240509
3.152142
9.062882
-68.047500
55.852451
-72.448627
28.967475
12.241076
67.464708
3.698184
-113.572739
-13.881687
59.007916
40.718796
-12.072783
52.993970
5.660220
-73.201617
-13.290590
-5.742469
18.151004
5.141321
-84.623226
-3.779647
-103.736802
21.892038
106.104112
-68.713689
65.406396
-78.072162
-32.017368
-17.433633
6.512962
132.291690
23.601664
-31.188855
-14.225975
-124.564272
-4.289659
42.866318
-21.011071
8.368769
-55.056982
-15.370179
55.116254
-36.010455
-22.732516
-6.776693
-16.129484
-23.602868
55.072836
-26.234769
-83.444438
-112.164357
30.213361
65.512399
5.106334
82.676013
10.250979
23.732979
-40.030478
75.903579
-73.941982
44.252334
-24.500940
36.789193
-69.405520
18.313440
-30.798167
-32.583937
-18.437379
24.510608
65.068318
49.108857
-16.102234
-3.219696
-1.860477
32.915856
-31.671881
34.841218
-2.879215
-52.391149
16.075114
-8.879694
51.346321
28.143130
50.888423
-9.529487
36.091675
68.189807
5.398824
-35.731587
-12.014599
-21.168234
27.414997
27.038083
19.378723
5.176811
58.085092
-45.376232
-15.896398
71.830601
-31.736339
-10.483539
97.633683
-47.724337
92.312389
-71.825006
-103.825449
-33.070229
21.535239
42.096706
-51.200853
-87.752865
-19.375704
58.137385
-53.012910
32.242204
2.240567
-52.482109
1.341228
-61.314308
-49.115335
45.350983
-4.362226
64.520417
26.129325
-8.371846
-49.346272
-31.458654
48.886950
49.344234
9.157489
-49.641009
29.789772
-25.048705
26.764888
8.717885
-41.096953
78.615489
40.233891
26.672198
65.433291
-54.812453
-66.001196
-40.197509
-34.293704
44.341771
-105.738110
74.928381
1.840086
47.091803
-58.238736
-48.004927
78.820953
28.362886
104.505889
24.702166
-3.484879
28.857626
-12.142148
91.150761
-50.298738
-31.862340
78.064228
-59.213075
13.327899
-78.241602
80.654967
12.715677
-136.609899
-81.255719
-66.356082
-42.445714
-65.649931
73.522701
64.750851
-2.472585
3.220355
42.344400
-37.845463
33.871063
27.229690
-2.915674
85.269530
-95.968460
39.854309
-2.636090
14.348563
46.808072
-34.818483
-11.537354
-19.324847
-18.782840
-50.496147
-9.315522
8.110879
34.333521
60.555570
22.339178
-128.716633
74.731352
21.990072
34.635798
13.751261
-36.097965
-29.670088
-163.077448
-72.377803
44.968756
-88.815326
-28.942761
-40.895651
17.512855
13.704896
-96.892060
60.309394
2.402556
-43.566754
32.392839
-15.213432
67.869991
38.585488
2.056619
111.043823
12.723355
-47.511493
-1.938988
-33.680999
-43.123781
37.572527
-76.544641
-23.419174
24.449626
25.146746
64.115105
42.913856
32.094240
29.697340
68.652498
-0.194531
-51.420784
-93.553564
-38.465151
1.202427
18.573276
-58.832486
25.778365
-33.868512
-22.673381
57.017915
86.068147
28.799911
-13.514708
19.866993
22.320346
-5.848481
-76.296116
-58.391619
5.100253
19.258045
-14.275242
-84.450073
-75.516633
-21.759413
-87.165118
26.881857
-9.397382
-93.586803
45.466566
113.154187
41.298798
13.061255
-18.546639
-42.669872
55.748181
-6.579035
26.384122
-17.858803
-27.085653
32.428334
51.000269
-35.262999
-70.328233
-36.448258
36.152292
48.588683
-31.811194
16.760856
-23.975119
-46.571321
26.631977
7.851340
-1.445005
68.469106
81.983142
-64.189392
-123.904112
-11.102758
-58.038060
24.848850
37.890575
-20.392486
-6.385728
-55.606685
23.566821
-137.910434
-86.806096
89.920688
0.222181
18.313945
48.934917
-43.530501
-115.813790
-2.216655
30.606500
-41.756695
130.521492
-145.879277
180.119051
-35.092680
-22.748604
-55.139641
-23.378874
27.778129
92.422734
-93.517666
32.767309
-12.346784
-13.627025
18.119209
22.597865
45.057092
69.473253
26.578617
-30.142308
-3.198939
-8.707300
-22.529762
-53.870255
-24.404110
60.047509
56.810602
-79.650390
18.408293
28.628846
4.219061
8.107966
103.241370
-33.063277
-30.459035
99.904530
14.295811
-58.906463
40.067761
-23.610282
26.499458
35.981254
96.352554
52.490771
-23.978577
-47.022059
0.597038
49.747033
-155.465526
-34.309570
-47.586048
-52.092636
-45.886645
-16.759328
64.484883
29.607856
-21.954547
-21.653239
-41.980162
-14.542334
-19.679196
-56.094024
5.747074
7.487864
37.706244
-52.941564
-20.849593
42.737941
-6.397357
-123.535721
38.805322
66.256576
62.742009
8.067484
-10.224585
77.302388
26.290179
-39.148072
-13.448712
-27.107775
38.696398
-48.553695
9.576502
31.039185
59.616032
-19.855261
-48.413565
-11.147726
-26.401161
35.468870
41.231216
-2.103088
70.515973
-109.401151
-41.074454
38.044781
40.851167
-104.753844
16.721424
26.901814
44.859572
-86.588716
-10.640387
-41.228696
49.183925
-87.990005
49.388968
22.556225
27.737275
58.947427
-4.230805
31.689777
-3.745700
57.104604
-13.700066
-47.808841
15.229087
16.073343
74.052761
-20.245735
52.976525
90.585236
13.004955
-17.061310
-36.230547
-2.585979
-119.896153
89.887575
19.877392
20.176476
13.791199
27.974806
66.103559
4.323751
37.913708
93.131500
-82.291158
-4.188687
-9.845024
-26.647959
-58.006885
5.748743
18.708544
50.966318
17.042041
-8.534656
7.613186
6.944592
8.118847
-20.844778
28.852232
-0.385818
-25.213604
-29.731760
-40.147717
1.173431
30.490609
102.559940
-93.074371
51.267513
8.969848
68.203030
48.808713
25.932659
21.127718
23.452886
-15.339538
-43.114404
21.322321
36.403763
-21.861184
-13.991814
68.980437
64.153998
44.438981
-12.584583
-28.978475
101.338423
-113.243044
31.952421
-18.820433
69.211207
-42.415018
-9.750929
-12.620809
-19.413937
-17.117488
-48.884618
-51.970907
-7.985025
-12.550889
101.750233
-27.140228
5.397958
19.286135
17.974521
-5.219322
-76.475319
13.764995
-29.968176
-41.845813
-6.264647
-19.380319
-30.254655
8.407821
-70.733257
-9.427468
-64.855026
-35.970089
35.926112
-45.038854
113.109770
-33.862961
-5.431698
48.636531
36.157770
-69.135131
7.197318
29.298749
-55.118717
-21.855187
16.872487
-39.888946
33.478212
21.685647
-40.927292
11.163688
3.525785
0.906435
112.800230
8.077236
-9.781251
-18.047910
-43.914878
23.359422
-19.172328
-30.099578
-20.973987
30.424518
-68.686690
-94.760795
-6.846736
-16.022104
-84.200201
-41.759468
-9.787643
71.006076
-82.607116
-31.274688
-4.031678
15.648309
-46.286243
-4.118063
51.403026
-68.221802
-22.734073
41.294346
-25.735339
33.931495
-18.360753
-43.464508
44.215307
-36.047010
-18.448517
-71.749652
-15.235672
100.849285
49.560625
10.371869
-58.736036
-22.537212
7.003684
-52.006447
35.015576
-55.271975
-80.088871
55.223459
58.831329
-84.380258
1.671022
19.576300
-65.335947
16.852980
66.845704
45.923092
-66.757499
68.856793
79.296928
41.076786
24.864849
0.185055
9.189436
17.691604
57.862888
-58.407994
-90.148140
-63.691437
-78.696328
-97.078351
-68.911826
-33.808690
9.480019
10.950989
8.822443
77.170190
-0.762312
-40.726404
-45.119676
-14.440242
-19.906868
102.688026
-135.208343
40.473068
95.091429
-84.877989
-6.339256
-66.442504
9.771525
-22.752365
-42.496354
70.113093
-17.339931
58.910898
-4.798939
3.320728
-50.883450
22.399847
46.496759
-33.633575
62.484694
32.988490
-5.896434
-69.918470
48.201917
-20.541561
-60.981074
27.369166
-25.974612
-32.426700
37.346818
-30.756205
-43.169243
-42.698211
-60.250286
-10.548422
26.766326
4.062460
71.762394
15.085183
20.319984
-24.413687
23.689707
60.157847
22.082782
23.542591
-37.925921
13.272087
30.243027
28.649437
72.000342
90.618302
-4.529852
56.003308
16.674714
20.225261
-5.270018
92.330873
110.766669
-31.199747
-34.201489
73.546561
45.556278
-29.617515
49.530415
-27.726809
-6.135036
-20.977789
41.215286
-26.693923
-153.125446
0.686955
5.351786
-26.368113
56.842301
-67.566764
2.473884
42.649534
8.030396
100.334519
56.966244
91.773700
-144.325193
89.729342
40.963461
2.695903
-78.721125
-34.974480
22.868518
-12.557209
-118.219753
12.404558
-43.733666
48.223067
53.617851
60.601679
135.710036
-38.161456
9.913485
78.479339
-58.453022
47.327156
97.880479
74.130710
90.494633
-91.207418
-128.697920
31.354733
23.151375
-2.838612
-52.283102
-92.485343
-102.124683
64.460700
-27.375426
24.149761
-37.717828
